{
  "degree": 13,
  "weights": [2.4805946751688032e-04, 6.5049196222305200e-04, 6.5049196222417502e-04, 6.5049196222510819e-04, 1.2909749569538819e-03, 1.2909749569552462e-03, 1.2909749569566470e-03, 1.3408515478692891e-03, 1.3408515478704394e-03, 1.3408515478710657e-03, 1.4312081494293558e-03, 1.4312081494308141e-03, 1.4312081494311190e-03, 2.0167899854885273e-03, 2.0167899854888196e-03, 2.0167899854901428e-03, 2.0883906121472659e-03, 2.0883906121473682e-03, 2.0883906121485539e-03, 2.1307355443786337e-03, 2.1307355443806100e-03, 2.1307355443811794e-03, 2.1365037048220463e-03, 2.1365037048224813e-03, 2.1365037048238179e-03, 2.2148673949985509e-03, 2.2148673949988003e-03, 2.2148673950007419e-03, 2.2270424881335898e-03, 2.2270424881354061e-03, 2.2270424881357656e-03, 2.4127873721488239e-03, 2.4127873721513280e-03, 2.4127873721536378e-03, 2.4926113781490269e-03, 2.4926113781502178e-03, 2.4926113781502846e-03, 2.5601915875479364e-03, 2.5601915875515268e-03, 2.5601915875545496e-03, 2.7181427032341643e-03, 2.7181427032346170e-03, 2.7181427032376771e-03, 3.1101441449717382e-03, 3.1101441449719659e-03, 3.1101441449724295e-03, 3.2050362371600087e-03, 3.2050362371637852e-03, 3.2050362371666124e-03, 3.9305451524034099e-03, 3.9305451524060181e-03, 3.9305451524064752e-03, 3.9715411789194664e-03, 3.9715411789202973e-03, 3.9715411789226418e-03, 4.1427731764150533e-03, 4.1427731764157984e-03, 4.1427731764192488e-03, 4.5104246429952732e-03, 4.5104246429991208e-03, 4.5104246429993437e-03, 4.6386296817446512e-03, 4.6386296817488354e-03, 4.6386296817489204e-03, 4.7607288267157849e-03, 4.7607288267180331e-03, 4.7607288267189256e-03, 4.8015722782154494e-03, 4.8015722782179301e-03, 4.8015722782223406e-03, 4.8868551508213561e-03, 4.8868551508222660e-03, 4.8868551508297192e-03, 5.5276746744597760e-03, 5.5276746744614197e-03, 5.5276746744638379e-03, 5.5902386472013255e-03, 5.5902386472062356e-03, 5.5902386472069607e-03, 5.6328054023966337e-03, 5.6328054023969953e-03, 5.6328054023988524e-03, 6.7666225417641326e-03, 6.7666225417665699e-03, 6.7666225417667607e-03, 6.9351471438997324e-03, 6.9351471439004220e-03, 6.9351471439015122e-03, 7.0672463296431653e-03, 7.0672463296541513e-03, 7.0672463296603365e-03, 7.5833104631131808e-03, 7.5833104631139996e-03, 7.5833104631144585e-03, 7.8591607316550599e-03, 7.8591607316554207e-03, 7.8591607316563627e-03, 8.2949713433382293e-03, 8.2949713433386058e-03, 8.2949713433396119e-03, 8.6313904790763472e-03, 9.1413506340705455e-03, 9.1413506340794187e-03, 9.1413506340874990e-03, 9.3203285367441657e-03, 9.3203285367464035e-03, 9.3203285367529469e-03, 9.4713717207180210e-03, 9.4713717207193515e-03, 9.4713717207194226e-03, 9.6586732097363511e-03, 9.6586732097384935e-03, 9.6586732097385265e-03, 1.0081296835789552e-02, 1.0081296835790765e-02, 1.0081296835792267e-02, 1.0658717477423064e-02, 1.0658717477430180e-02, 1.0658717477436935e-02, 1.0852431676790742e-02, 1.0852431676791998e-02, 1.0852431676793183e-02, 1.1462750188313086e-02, 1.1462750188316979e-02, 1.1462750188320842e-02, 1.2764679941297026e-02, 1.2764679941299435e-02, 1.2764679941304761e-02, 1.4040136683705590e-02, 1.5360697127489697e-02, 1.5360697127492003e-02, 1.5360697127492148e-02, 1.5426817512463744e-02, 1.5426817512466884e-02, 1.5426817512468162e-02, 1.7005682623471331e-02, 1.7770131332723479e-02, 1.7770131332724814e-02, 1.7770131332726168e-02, 1.8700565970680226e-02, 1.8700565970680386e-02, 1.8700565970683421e-02, 1.9820199409248743e-02, 1.9820199409254963e-02, 1.9820199409256931e-02, 2.5823644619383669e-02],
  "bary": [
    [1.0345107256587960e-02, 1.0345107256523656e-02, 9.6896467823028809e-01, 1.0345107256600317e-02],
    [9.4128114935230933e-01, 8.9130123624666120e-03, 3.0236874510999979e-02, 1.9568963774224079e-02],
    [8.9130123624835654e-03, 1.9568963774239338e-02, 3.0236874511006949e-02, 9.4128114935227014e-01],
    [1.9568963774270913e-02, 9.4128114935223584e-01, 3.0236874511006574e-02, 8.9130123624867261e-03],
    [8.6031452629629478e-03, 8.8449206822483928e-01, 2.5449003903619930e-02, 8.1455782608577887e-02],
    [8.1455782608604130e-02, 8.6031452629759860e-03, 2.5449003903626356e-02, 8.8449206822479354e-01],
    [8.8449206822478854e-01, 8.1455782608582342e-02, 2.5449003903639918e-02, 8.6031452629891994e-03],
    [7.9155949175435558e-02, 8.7881874683590999e-01, 8.4121586583888689e-03, 3.3613145330265583e-02],
    [3.3613145330244808e-02, 7.9155949175391926e-02, 8.4121586584149748e-03, 8.7881874683594829e-01],
    [8.7881874683595662e-01, 3.3613145330236578e-02, 8.4121586584234732e-03, 7.9155949175383336e-02],
    [2.0724529261209015e-02, 2.8209386754178523e-01, 5.8966885365365779e-03, 6.9128491466046915e-01],
    [6.9128491466052377e-01, 2.0724529261211114e-02, 5.8966885365508556e-03, 2.8209386754171428e-01],
    [2.8209386754170301e-01, 6.9128491466053299e-01, 5.8966885365562948e-03, 2.0724529261207644e-02],
    [6.6061250441802699e-01, 4.2385095055179900e-03, 3.0590641935369994e-01, 2.9242566722755103e-02],
    [4.2385095055250876e-03, 2.9242566722753313e-02, 3.0590641935371699e-01, 6.6061250441800468e-01],
    [2.9242566722754649e-02, 6.6061250441795605e-01, 3.0590641935375457e-01, 4.2385095055347821e-03],
    [8.1087266514481249e-01, 3.1451810047679371e-02, 1.4652045906116959e-01, 1.1155065746338538e-02],
    [1.1155065746344813e-02, 8.1087266514483924e-01, 1.4652045906116523e-01, 3.1451810047650686e-02],
    [3.1451810047659248e-02, 1.1155065746349960e-02, 1.4652045906114786e-01, 8.1087266514484291e-01],
    [1.3371428943525781e-02, 6.1145279118325901e-02, 1.0745712974380965e-01, 8.1802616219433866e-01],
    [6.1145279118296633e-02, 8.1802616219429680e-01, 1.0745712974384927e-01, 1.3371428943557334e-02],
    [8.1802616219441238e-01, 1.3371428943564065e-02, 1.0745712974379354e-01, 6.1145279118230006e-02],
    [7.4144609772359574e-03, 6.9552887484913473e-01, 2.8213812405463338e-02, 2.6884285176816597e-01],
    [6.9552887484912151e-01, 2.6884285176817602e-01, 2.8213812405461947e-02, 7.4144609772405223e-03],
    [2.6884285176817507e-01, 7.4144609772575747e-03, 2.8213812405450421e-02, 6.9552887484911685e-01],
    [2.4774296905978210e-02, 7.4822221773924447e-03, 5.2132878095399227e-01, 4.4641469996263705e-01],
    [7.4822221774012241e-03, 4.4641469996257110e-01, 5.2132878095406510e-01, 2.4774296905962556e-02],
    [4.4641469996263672e-01, 2.4774296905981930e-02, 5.2132878095397306e-01, 7.4822221774082376e-03],
    [2.1129659699380431e-02, 9.0351833403498283e-02, 8.6581765678533995e-01, 2.2700850111781357e-02],
    [9.0351833403595413e-02, 2.2700850111790183e-02, 8.6581765678522182e-01, 2.1129659699392622e-02],
    [2.2700850111793350e-02, 2.1129659699392400e-02, 8.6581765678519174e-01, 9.0351833403622517e-02],
    [3.4179307423202115e-01, 2.5941652651873259e-03, 5.7976853458511146e-01, 7.5844225917680030e-02],
    [2.5941652652100408e-03, 7.5844225917682667e-02, 5.7976853458507549e-01, 3.4179307423203176e-01],
    [7.5844225917695449e-02, 3.4179307423208455e-01, 5.7976853458500199e-01, 2.5941652652180514e-03],
    [4.8477465715874124e-01, 4.8106413770281248e-01, 1.8330570787562363e-02, 1.5830634350883919e-02],
    [4.8106413770279244e-01, 1.5830634350901519e-02, 1.8330570787551792e-02, 4.8477465715875429e-01],
    [1.5830634350898303e-02, 4.8477465715878265e-01, 1.8330570787562058e-02, 4.8106413770275702e-01],
    [1.6761371966599967e-01, 7.0864310892349636e-01, 2.9144666413564412e-03, 1.2082870476914750e-01],
    [7.0864310892357030e-01, 1.2082870476910874e-01, 2.9144666413856413e-03, 1.6761371966593533e-01],
    [1.2082870476910880e-01, 1.6761371966595429e-01, 2.9144666414104908e-03, 7.0864310892352644e-01],
    [5.1829814153632990e-02, 7.6718352224256825e-01, 1.2759037900058423e-02, 1.6822762570374036e-01],
    [7.6718352224253705e-01, 1.6822762570376415e-01, 1.2759037900064746e-02, 5.1829814153634052e-02],
    [1.6822762570371427e-01, 5.1829814153654931e-02, 1.2759037900088066e-02, 7.6718352224254271e-01],
    [1.6038086409573984e-01, 7.8002572247274504e-01, 4.1443167339812091e-02, 1.8150246091703050e-02],
    [1.8150246091711238e-02, 1.6038086409582114e-01, 4.1443167339776162e-02, 7.8002572247269142e-01],
    [7.8002572247270308e-01, 1.8150246091710301e-02, 4.1443167339804750e-02, 1.6038086409578189e-01],
    [1.0304379773385483e-03, 3.0064976944771116e-01, 5.6086939777821554e-01, 1.3745039479673471e-01],
    [3.0064976944768718e-01, 1.3745039479674531e-01, 5.6086939777820599e-01, 1.0304379773615757e-03],
    [1.3745039479672741e-01, 1.0304379773772299e-03, 5.6086939777824929e-01, 3.0064976944764610e-01],
    [9.5713646982987580e-03, 6.0689546730052668e-01, 3.0589524723317846e-01, 7.7637920767996083e-02],
    [6.0689546730053834e-01, 7.7637920767978388e-02, 3.0589524723316580e-01, 9.5713646983174860e-03],
    [7.7637920767986271e-02, 9.5713646983180828e-03, 3.0589524723313211e-01, 6.0689546730056354e-01],
    [2.3590812527504756e-01, 2.7124911034180743e-02, 7.1480302566287923e-01, 2.2163938027892405e-02],
    [2.7124911034181628e-02, 2.2163938027899149e-02, 7.1480302566285348e-01, 2.3590812527506577e-01],
    [2.2163938027905228e-02, 2.3590812527495858e-01, 7.1480302566295317e-01, 2.7124911034182908e-02],
    [5.6118546416241366e-01, 3.4977587186706649e-01, 1.0013274952423580e-02, 7.9025389018096276e-02],
    [7.9025389018108211e-02, 5.6118546416245552e-01, 1.0013274952428645e-02, 3.4977587186700765e-01],
    [3.4977587186696613e-01, 7.9025389018147693e-02, 1.0013274952437586e-02, 5.6118546416244863e-01],
    [1.2015910518001591e-02, 7.0356014181662718e-01, 1.2823241350274422e-01, 1.5619153416262704e-01],
    [1.5619153416266657e-01, 1.2015910518011687e-02, 1.2823241350274869e-01, 7.0356014181657311e-01],
    [7.0356014181655890e-01, 1.5619153416266851e-01, 1.2823241350275782e-01, 1.2015910518014761e-02],
    [1.2272548167264160e-02, 1.5209836519994849e-01, 1.7364566915830848e-01, 6.6198341747447886e-01],
    [1.5209836519989467e-01, 6.6198341747446510e-01, 1.7364566915835761e-01, 1.2272548167282682e-02],
    [6.6198341747454070e-01, 1.2272548167279483e-02, 1.7364566915828669e-01, 1.5209836519989314e-01],
    [9.6089523483376925e-03, 5.0096625984502807e-01, 2.1734734626392255e-01, 2.7207744154271168e-01],
    [5.0096625984496690e-01, 2.7207744154276570e-01, 2.1734734626391997e-01, 9.6089523483474382e-03],
    [2.7207744154279861e-01, 9.6089523483550016e-03, 2.1734734626390292e-01, 5.0096625984494336e-01],
    [1.1714202839548700e-01, 1.3062524152767691e-01, 7.3707557182935557e-01, 1.5157158247480540e-02],
    [1.5157158247489382e-02, 1.1714202839550278e-01, 7.3707557182933081e-01, 1.3062524152767696e-01],
    [1.3062524152766930e-01, 1.5157158247513208e-02, 7.3707557182933647e-01, 1.1714202839548105e-01],
    [6.5969111707184461e-02, 4.8691789291753573e-01, 4.1644212779919426e-01, 3.0670867576085559e-02],
    [3.0670867576062383e-02, 6.5969111707154415e-02, 4.1644212779934042e-01, 4.8691789291744270e-01],
    [4.8691789291743354e-01, 3.0670867576084143e-02, 4.1644212779928952e-01, 6.5969111707192718e-02],
    [6.1807437254284427e-02, 7.7962209289715312e-01, 7.2172897942131858e-02, 8.6397571906430631e-02],
    [8.6397571906382434e-02, 6.1807437254311121e-02, 7.2172897942206632e-02, 7.7962209289709983e-01],
    [7.7962209289701057e-01, 8.6397571906464535e-02, 7.2172897942185024e-02, 6.1807437254339889e-02],
    [2.1244175926656111e-01, 3.7044255595817627e-01, 1.0681523063550139e-02, 4.0643416171171254e-01],
    [4.0643416171173113e-01, 2.1244175926661554e-01, 1.0681523063569924e-02, 3.7044255595808345e-01],
    [3.7044255595805675e-01, 4.0643416171182739e-01, 1.0681523063570161e-02, 2.1244175926654568e-01],
    [1.7577541940974235e-02, 3.1706902805700443e-01, 8.0801188066431898e-02, 5.8455224193558941e-01],
    [3.1706902805694465e-01, 5.8455224193561861e-01, 8.0801188066463983e-02, 1.7577541940972816e-02],
    [5.8455224193557398e-01, 1.7577541940982003e-02, 8.0801188066440599e-02, 3.1706902805700343e-01],
    [4.8197145243093975e-01, 1.7562309236326346e-02, 3.4143201486678126e-01, 1.5903422346595258e-01],
    [1.5903422346593643e-01, 4.8197145243090744e-01, 3.4143201486681957e-01, 1.7562309236336560e-02],
    [1.7562309236333489e-02, 1.5903422346592891e-01, 3.4143201486680635e-01, 4.8197145243093126e-01],
    [8.9025666990687286e-02, 3.3860421626309972e-01, 2.5254850395038875e-02, 5.4711526635117413e-01],
    [3.3860421626312059e-01, 5.4711526635117258e-01, 2.5254850395049856e-02, 8.9025666990656921e-02],
    [5.4711526635113583e-01, 8.9025666990711752e-02, 2.5254850395035781e-02, 3.3860421626311665e-01],
    [5.2855440983309819e-02, 4.0009792963012653e-01, 4.6413210895362489e-01, 8.2914520432938787e-02],
    [4.0009792962989127e-01, 8.2914520433044397e-02, 4.6413210895369994e-01, 5.2855440983364477e-02],
    [8.2914520433039929e-02, 5.2855440983355539e-02, 4.6413210895359658e-01, 4.0009792963000801e-01],
    [1.7826060900778536e-02, 2.8747063589288824e-01, 3.8561729371495862e-01, 3.0908600949137460e-01],
    [2.8747063589288058e-01, 3.0908600949137166e-01, 3.8561729371497011e-01, 1.7826060900777652e-02],
    [3.0908600949136994e-01, 1.7826060900781870e-02, 3.8561729371496645e-01, 2.8747063589288180e-01],
    [3.7109341059953271e-01, 2.6572340845974853e-02, 9.6901871563130182e-02, 5.0543237699136223e-01],
    [2.6572340845975373e-02, 5.0543237699133547e-01, 9.6901871563156314e-02, 3.7109341059953282e-01],
    [5.0543237699131227e-01, 3.7109341059956702e-01, 9.6901871563142644e-02, 2.6572340845978065e-02],
    [2.1488312702066938e-02, 3.2060729886504835e-01, 2.1273490919973542e-01, 4.4516947923314926e-01],
    [4.4516947923320482e-01, 2.1488312702070869e-02, 2.1273490919972074e-01, 3.2060729886500361e-01],
    [3.2060729886501244e-01, 4.4516947923317696e-01, 2.1273490919973614e-01, 2.1488312702074519e-02],
    [9.5117000728892703e-02, 9.5117000729006307e-02, 7.1464899781321456e-01, 9.5117000728886403e-02],
    [1.7358023584509186e-01, 2.8904363524835358e-02, 3.5708248421800143e-01, 4.4043291641207133e-01],
    [4.4043291641208138e-01, 1.7358023584506413e-01, 3.5708248421799255e-01, 2.8904363524861976e-02],
    [2.8904363524887757e-02, 4.4043291641199978e-01, 3.5708248421802302e-01, 1.7358023584508941e-01],
    [8.0238501162264816e-02, 6.1748664832498934e-01, 7.1957845227071451e-02, 2.3031700528567439e-01],
    [6.1748664832491484e-01, 2.3031700528572535e-01, 7.1957845227063902e-02, 8.0238501162295903e-02],
    [2.3031700528563259e-01, 8.0238501162327350e-02, 7.1957845227130529e-02, 6.1748664832490952e-01],
    [9.4528812197515882e-02, 1.7517767520095590e-01, 7.0656012646294883e-02, 6.5963749995523335e-01],
    [1.7517767520092067e-01, 6.5963749995531751e-01, 7.0656012646218125e-02, 9.4528812197543721e-02],
    [6.5963749995521170e-01, 9.4528812197553116e-02, 7.0656012646256705e-02, 1.7517767520097849e-01],
    [6.5417668907986545e-02, 7.5434749213080896e-02, 2.2067286289575946e-01, 6.3847471898317310e-01],
    [6.3847471898314956e-01, 6.5417668908023405e-02, 2.2067286289576413e-01, 7.5434749213062896e-02],
    [7.5434749213038776e-02, 6.3847471898319164e-01, 2.2067286289572000e-01, 6.5417668908049648e-02],
    [5.3213597683151692e-01, 2.3624230586195330e-01, 3.0661116632108687e-02, 2.0096060067442109e-01],
    [2.3624230586189776e-01, 2.0096060067448521e-01, 3.0661116632118374e-02, 5.3213597683149871e-01],
    [2.0096060067440596e-01, 5.3213597683155023e-01, 3.0661116632138875e-02, 2.3624230586190487e-01],
    [2.4341356224078817e-01, 1.0031985363325183e-01, 5.9060593323105259e-01, 6.5660650894907469e-02],
    [1.0031985363326529e-01, 6.5660650894950073e-02, 5.9060593323101773e-01, 2.4341356224076693e-01],
    [6.5660650894901321e-02, 2.4341356224095140e-01, 5.9060593323082700e-01, 1.0031985363332019e-01],
    [3.5459514075002529e-02, 1.6456913121524239e-01, 5.3855154684219331e-01, 2.6141980786756180e-01],
    [2.6141980786757923e-01, 3.5459514075005694e-02, 5.3855154684219941e-01, 1.6456913121521566e-01],
    [1.6456913121522618e-01, 2.6141980786752750e-01, 5.3855154684223117e-01, 3.5459514075015131e-02],
    [7.8850996951403005e-02, 2.2147910683369557e-01, 1.6634216529447990e-01, 5.3332773092042163e-01],
    [5.3332773092041807e-01, 7.8850996951441529e-02, 1.6634216529447968e-01, 2.2147910683366070e-01],
    [2.2147910683362440e-01, 5.3332773092047103e-01, 1.6634216529445950e-01, 7.8850996951445096e-02],
    [7.7318648843303403e-02, 5.4381353389040021e-01, 1.9608617551305166e-01, 1.8278164175324471e-01],
    [1.8278164175317207e-01, 7.7318648843308205e-02, 1.9608617551317237e-01, 5.4381353389034737e-01],
    [5.4381353389032727e-01, 1.8278164175325479e-01, 1.9608617551308219e-01, 7.7318648843335752e-02],
    [1.6686328704167092e-01, 1.6686328704155953e-01, 4.9941013887518892e-01, 1.6686328704158071e-01],
    [1.2274906286695843e-01, 3.9092960743940380e-01, 8.7563886552471465e-02, 3.9875744314116635e-01],
    [3.9875744314113154e-01, 1.2274906286696860e-01, 8.7563886552500497e-02, 3.9092960743939931e-01],
    [3.9092960743935373e-01, 3.9875744314117112e-01, 8.7563886552501510e-02, 1.2274906286697358e-01],
    [2.7666877581837401e-01, 2.1889979701798692e-01, 4.0200054824072406e-01, 1.0243087892291503e-01],
    [2.1889979701797310e-01, 1.0243087892291142e-01, 4.0200054824069831e-01, 2.7666877581841720e-01],
    [1.0243087892296485e-01, 2.7666877581829485e-01, 4.0200054824072345e-01, 2.1889979701801682e-01],
    [3.0955501834305127e-01, 3.0955501834309618e-01, 7.1334944970751560e-02, 3.0955501834310095e-01],
    [3.1384152134290394e-01, 9.6634618135358577e-02, 2.3058085944453319e-01, 3.5894300107720423e-01],
    [3.5894300107714366e-01, 3.1384152134292642e-01, 2.3058085944456400e-01, 9.6634618135365863e-02],
    [9.6634618135364281e-02, 3.5894300107719346e-01, 2.3058085944453788e-01, 3.1384152134290433e-01],
    [4.4180558888038884e-01, 2.0692236263026764e-01, 1.4043489408391130e-01, 2.1083715440543216e-01],
    [2.1083715440539202e-01, 4.4180558888039245e-01, 1.4043489408395968e-01, 2.0692236263025590e-01],
    [2.0692236263021299e-01, 2.1083715440542550e-01, 1.4043489408395743e-01, 4.4180558888040405e-01],
    [1.1084950229958476e-01, 1.6261799220260753e-01, 3.2631971053548714e-01, 4.0021279496232054e-01],
    [4.0021279496230022e-01, 1.1084950229959892e-01, 3.2631971053548453e-01, 1.6261799220261636e-01],
    [1.6261799220257042e-01, 4.0021279496230433e-01, 3.2631971053552200e-01, 1.1084950229960322e-01],
    [2.5055888693958239e-01, 2.5055888693954909e-01, 2.4832333918130678e-01, 2.5055888693956174e-01]
  ]
}
