{
  "degree": 14,
  "weights": [1.3263047155543181e-04, 3.0624227179160807e-04, 3.0624227180522229e-04, 3.0624227181258218e-04, 3.8655233689736354e-04, 3.8655233691772925e-04, 3.8655233693185825e-04, 9.9855093581733244e-04, 9.9855093582331832e-04, 9.9855093583568776e-04, 1.0050663150241396e-03, 1.0050663150353817e-03, 1.0050663150536995e-03, 1.5103832945021249e-03, 1.5103832945096039e-03, 1.5103832945114464e-03, 1.5570371235320286e-03, 1.5570371235675597e-03, 1.5570371236311631e-03, 1.5741051406310237e-03, 1.5741051406706391e-03, 1.5741051406837289e-03, 1.7377408044688164e-03, 1.7377408044727434e-03, 1.7377408044857857e-03, 1.9675961346026188e-03, 1.9675961346027520e-03, 1.9675961346066191e-03, 2.0133172712301145e-03, 2.0133172712726573e-03, 2.0133172712851239e-03, 2.0383351907312750e-03, 2.0383351907900978e-03, 2.0383351908403449e-03, 2.0647128904659343e-03, 2.0647128904733637e-03, 2.0647128904778323e-03, 2.2566632339964606e-03, 2.2566632340402532e-03, 2.2566632340760345e-03, 2.2772422683611190e-03, 2.2772422683845117e-03, 2.2772422684122179e-03, 2.6066625557766678e-03, 2.6066625558200103e-03, 2.6066625558296211e-03, 2.6209430941815447e-03, 2.6209430942043719e-03, 2.6209430942137160e-03, 2.8350824646452238e-03, 2.8350824646580768e-03, 2.8350824646581887e-03, 2.8684551031114575e-03, 2.8684551031173985e-03, 2.8684551031459950e-03, 2.8759528536319054e-03, 3.0307177203686879e-03, 3.0307177204001255e-03, 3.0307177204019851e-03, 3.0715636954826869e-03, 3.0715636954844450e-03, 3.0715636954868290e-03, 3.0805644455806180e-03, 3.0805644455898029e-03, 3.0805644455977510e-03, 3.0950229893617260e-03, 3.0950229893806718e-03, 3.0950229894019729e-03, 3.1438425573852473e-03, 3.1438425574279918e-03, 3.1438425574784662e-03, 3.4643594447505070e-03, 3.4643594447607974e-03, 3.4643594447675021e-03, 3.4744729522476741e-03, 3.4744729522647321e-03, 3.4744729522678988e-03, 3.6240205442698188e-03, 3.6240205442750455e-03, 3.6240205442756262e-03, 3.6835780202960750e-03, 3.6835780203162598e-03, 3.6835780203244204e-03, 3.8021720792873466e-03, 3.8021720792896919e-03, 3.8021720793018107e-03, 3.8092741194460434e-03, 3.8092741194621126e-03, 3.8092741194734291e-03, 3.8712693769281663e-03, 3.8712693769496569e-03, 3.8712693769722131e-03, 3.9498651785815188e-03, 3.9498651785867629e-03, 3.9498651786181553e-03, 4.0812755406123341e-03, 4.0812755406142813e-03, 4.0812755406557186e-03, 4.3201866774789282e-03, 4.3201866774944288e-03, 4.3201866775239503e-03, 4.7597233954062464e-03, 4.8459328195966907e-03, 4.8459328196459144e-03, 4.8459328196599639e-03, 4.9310108145605861e-03, 4.9310108145638690e-03, 4.9310108146029411e-03, 5.4244092986596056e-03, 5.4244092986736854e-03, 5.4244092986910032e-03, 5.4609892911818836e-03, 5.4609892912448384e-03, 5.4609892912909179e-03, 5.7272617837201764e-03, 5.7272617837613449e-03, 5.7272617837877404e-03, 6.6996515171072277e-03, 6.6996515171337447e-03, 6.6996515171412162e-03, 7.3495014422090641e-03, 7.3495014422093000e-03, 7.3495014422468828e-03, 8.2089979193633970e-03, 8.2089979194433244e-03, 8.2089979194951077e-03, 8.5505512886042776e-03, 8.5505512886589110e-03, 8.5505512886779548e-03, 9.1078676117101985e-03, 9.1078676117599990e-03, 9.1078676117668910e-03, 9.1306191329106837e-03, 9.1306191329355666e-03, 9.1306191329417249e-03, 9.2999552457564572e-03, 9.2999552457593386e-03, 9.2999552457664909e-03, 9.4467397020491263e-03, 9.4467397020493449e-03, 9.4467397020658109e-03, 9.6181587295190250e-03, 9.6181587295318845e-03, 9.6181587295574664e-03, 1.0043401420469444e-02, 1.0043401420547696e-02, 1.0043401420550515e-02, 1.0058570227909925e-02, 1.0058570227910246e-02, 1.0058570227919826e-02, 1.0075594148546368e-02, 1.0075594148571013e-02, 1.0075594148589622e-02, 1.0466299434119909e-02, 1.0466299434163114e-02, 1.0466299434189787e-02, 1.1089623115189570e-02, 1.1089623115273402e-02, 1.1089623115291991e-02, 1.1476741396045678e-02, 1.1476741396052176e-02, 1.1476741396097409e-02, 1.3229574241181699e-02, 1.3229574241185569e-02, 1.3229574241251029e-02, 1.4701785445394345e-02, 1.4701785445436025e-02, 1.4701785445477724e-02, 1.4889530701472378e-02, 1.5047194214272312e-02, 1.5047194214276782e-02, 1.5047194214321716e-02, 1.6219270385050576e-02, 1.7900673948106849e-02, 1.7900673948115384e-02, 1.7900673948116095e-02, 1.9068958308953068e-02],
  "bary": [
    [6.8577036809597085e-03, 6.8577036814603254e-03, 9.7942688895784191e-01, 6.8577036797380364e-03],
    [9.2523538460647266e-03, 4.7888447639309276e-03, 3.3299610330042688e-02, 9.5265919105996166e-01],
    [9.5265919105902930e-01, 9.2523538464256965e-03, 3.3299610330241036e-02, 4.7888447643039678e-03],
    [4.7888447642985051e-03, 9.5265919105842567e-01, 3.3299610330633563e-02, 9.2523538466422403e-03],
    [6.1414444252497549e-02, 9.2329996515854429e-01, 2.0100586483876742e-03, 1.3275531940570502e-02],
    [9.2329996515747370e-01, 1.3275531940830240e-02, 2.0100586491159510e-03, 6.1414444252580108e-02],
    [1.3275531940707441e-02, 6.1414444252785264e-02, 2.0100586498101322e-03, 9.2329996515669710e-01],
    [1.7734143862307622e-02, 8.9896506053866354e-01, 1.4467621640216980e-02, 6.8833173958811833e-02],
    [8.9896506053857483e-01, 6.8833173958859795e-02, 1.4467621640463875e-02, 1.7734143862101495e-02],
    [6.8833173958335450e-02, 1.7734143862154092e-02, 1.4467621640648867e-02, 8.9896506053886160e-01],
    [9.2473636178322226e-03, 3.9901390622718141e-01, 5.8290374361211117e-01, 8.8349865428751784e-03],
    [3.9901390622540300e-01, 8.8349865430195351e-03, 5.8290374361367014e-01, 9.2473636179073448e-03],
    [8.8349865430867348e-03, 9.2473636182038577e-03, 5.8290374361686847e-01, 3.9901390622184085e-01],
    [7.7099002292628083e-01, 1.9522912627666013e-02, 1.0156208792588335e-02, 1.9933085565346484e-01],
    [1.9522912627698553e-02, 1.9933085565366768e-01, 1.0156208792659315e-02, 7.7099002292597441e-01],
    [1.9933085565342362e-01, 7.7099002292621988e-01, 1.0156208792704458e-02, 1.9522912627651989e-02],
    [2.0325545061458790e-02, 7.2200749784010709e-01, 2.4311158083537063e-01, 1.4555376263063496e-02],
    [7.2200749784083851e-01, 1.4555376263080080e-02, 2.4311158083453546e-01, 2.0325545061545963e-02],
    [1.4555376263444185e-02, 2.0325545061407921e-02, 2.4311158083562945e-01, 7.2200749783951845e-01],
    [1.8830992563699432e-02, 1.9565349407686394e-02, 8.8191632746880433e-01, 7.9687330559809810e-02],
    [7.9687330561579020e-02, 1.8830992564022375e-02, 8.8191632746650606e-01, 1.9565349407892452e-02],
    [1.9565349407988392e-02, 7.9687330562541736e-02, 8.8191632746542770e-01, 1.8830992564042193e-02],
    [8.3438389057758788e-01, 2.2289636444338491e-02, 1.2428033912177872e-01, 1.9046133856294917e-02],
    [2.2289636444387969e-02, 1.9046133856296305e-02, 1.2428033912088415e-01, 8.3438389057843154e-01],
    [1.9046133856306106e-02, 8.3438389057593987e-01, 1.2428033912336922e-01, 2.2289636444384753e-02],
    [2.0392319120023605e-01, 2.0121215618030559e-02, 1.4400537420302282e-02, 7.6155505576143112e-01],
    [2.0121215618044978e-02, 7.6155505576107962e-01, 1.4400537420297557e-02, 2.0392319120057778e-01],
    [7.6155505576095106e-01, 2.0392319120066613e-01, 1.4400537420360376e-02, 2.0121215618022437e-02],
    [3.3615096361808788e-01, 3.8464570360484696e-01, 2.7645570880599035e-01, 2.7476239710747530e-03],
    [2.7476239713549915e-03, 3.3615096361651409e-01, 2.7645570880379944e-01, 3.8464570360833150e-01],
    [3.8464570360739658e-01, 2.7476239716159034e-03, 2.7645570880418396e-01, 3.3615096361680358e-01],
    [3.5085999644596799e-01, 5.5221821043452879e-01, 4.9313252260670421e-03, 9.1990467893436179e-02],
    [5.5221821043427344e-01, 9.1990467893655725e-02, 4.9313252264271013e-03, 3.5085999644564375e-01],
    [9.1990467893043729e-02, 3.5085999644508137e-01, 4.9313252269524025e-03, 5.5221821043492247e-01],
    [2.1520825534508025e-02, 1.6080350012691397e-02, 3.7912080846438195e-01, 5.8327801598841855e-01],
    [5.8327801599222651e-01, 2.1520825534560972e-02, 3.7912080846046370e-01, 1.6080350012748823e-02],
    [1.6080350013137418e-02, 5.8327801599371865e-01, 3.7912080845879098e-01, 2.1520825534352916e-02],
    [3.2398093295696196e-03, 8.4008876614316746e-02, 3.8629615027093700e-01, 5.2645516378517665e-01],
    [5.2645516378484658e-01, 3.2398093299371433e-03, 3.8629615027122072e-01, 8.4008876613995531e-02],
    [8.4008876614980701e-02, 5.2645516378427115e-01, 3.8629615027055969e-01, 3.2398093301884701e-03],
    [9.1207184285875431e-02, 4.1101314112488296e-03, 3.9899049286349336e-01, 5.0569219143938238e-01],
    [4.1101314115171280e-03, 5.0569219143916844e-01, 3.9899049286503591e-01, 9.1207184284278486e-02],
    [5.0569219143833632e-01, 9.1207184285574561e-02, 3.9899049286447130e-01, 4.1101314116178123e-03],
    [5.1564396354685971e-01, 2.3494061248840292e-01, 2.4749127838673157e-01, 1.9241455780057981e-03],
    [2.3494061248997605e-01, 1.9241455782569306e-03, 2.4749127838584023e-01, 5.1564396354592690e-01],
    [1.9241455782300625e-03, 5.1564396354539166e-01, 2.4749127838747612e-01, 2.3494061248890216e-01],
    [1.9322372748183492e-02, 7.6388325205279078e-02, 5.6383854447355095e-02, 8.4790544759918240e-01],
    [8.4790544759942466e-01, 1.9322372748176272e-02, 5.6383854447013389e-02, 7.6388325205385688e-02],
    [7.6388325204960930e-02, 8.4790544760031250e-01, 5.6383854446619884e-02, 1.9322372748106643e-02],
    [3.8230094649173052e-01, 1.6798893959684695e-02, 2.2555424121166172e-02, 5.7834473542741860e-01],
    [1.6798893959706841e-02, 5.7834473542727483e-01, 2.2555424121266418e-02, 3.8230094649175195e-01],
    [5.7834473542716835e-01, 3.8230094649186769e-01, 2.2555424121226613e-02, 1.6798893959737344e-02],
    [2.1294253714467606e-01, 2.1280747638370900e-02, 7.4370742105824572e-01, 2.2069294158707287e-02],
    [2.2069294158669494e-02, 2.1294253714595576e-01, 7.4370742105696530e-01, 2.1280747638409370e-02],
    [2.1280747638562525e-02, 2.2069294158889086e-02, 7.4370742106014187e-01, 2.1294253714240641e-01],
    [3.3172395261500143e-01, 3.3172395261398963e-01, 4.8281421559872818e-03, 3.3172395261502169e-01],
    [5.4047976806572684e-01, 7.2943553813041989e-03, 2.4537631522293177e-01, 2.0684956133003721e-01],
    [7.2943553815517223e-03, 2.0684956133010135e-01, 2.4537631522168768e-01, 5.4047976806665921e-01],
    [2.0684956133125029e-01, 5.4047976806541542e-01, 2.4537631522196007e-01, 7.2943553813741846e-03],
    [8.0581119582197847e-01, 9.8577040799089966e-02, 7.5861812032728723e-02, 1.9749951346202846e-02],
    [1.9749951346139112e-02, 8.0581119582262728e-01, 7.5861812032311016e-02, 9.8577040798922599e-02],
    [9.8577040799585250e-02, 1.9749951346152195e-02, 7.5861812032956791e-02, 8.0581119582130567e-01],
    [1.7482878960898438e-02, 3.7927563152224442e-01, 2.3045727115630080e-02, 5.8019576240122706e-01],
    [3.7927563152201482e-01, 5.8019576240141046e-01, 2.3045727115632835e-02, 1.7482878960941878e-02],
    [5.8019576240133586e-01, 1.7482878960967962e-02, 2.3045727115652413e-02, 3.7927563152204380e-01],
    [2.8742247583037545e-01, 5.6014176946635741e-03, 6.0294133196592481e-01, 1.0403477450903620e-01],
    [1.0403477450946130e-01, 2.8742247582968516e-01, 6.0294133196614774e-01, 5.6014176947057903e-03],
    [5.6014176948833419e-03, 1.0403477450915696e-01, 6.0294133196574384e-01, 2.8742247583021585e-01],
    [1.1145515833869706e-01, 1.0302352616825383e-02, 7.6275640927434829e-01, 1.1548607977012926e-01],
    [1.0302352617070043e-02, 1.1548607977007069e-01, 7.6275640927402044e-01, 1.1145515833883879e-01],
    [1.1548607976972981e-01, 1.1145515833851238e-01, 7.6275640927430488e-01, 1.0302352617452937e-02],
    [2.9354885057703378e-01, 9.7619997385383211e-02, 6.0062135146769924e-01, 8.2098005698837406e-03],
    [9.7619997385021154e-02, 8.2098005699679510e-03, 6.0062135146692819e-01, 2.9354885057808267e-01],
    [8.2098005699696355e-03, 2.9354885057775304e-01, 6.0062135146688755e-01, 9.7619997385389734e-02],
    [8.4978044265930766e-02, 5.1751352571793197e-01, 1.2946333151605658e-02, 3.8456209686453158e-01],
    [5.1751352571723153e-01, 3.8456209686503573e-01, 1.2946333151848337e-02, 8.4978044265884400e-02],
    [3.8456209686477211e-01, 8.4978044265666117e-02, 1.2946333151891306e-02, 5.1751352571767051e-01],
    [7.8776789862437668e-01, 9.4095000643041007e-02, 1.9310788493371839e-02, 9.8826312239210470e-02],
    [9.8826312239710376e-02, 7.8776789862415353e-01, 1.9310788493373979e-02, 9.4095000642762106e-02],
    [9.4095000642894736e-02, 9.8826312239402817e-02, 1.9310788493375104e-02, 7.8776789862432728e-01],
    [5.4975956322040975e-01, 1.2529059808041053e-02, 1.2194064612228658e-01, 3.1577073084926266e-01],
    [1.2529059808103527e-02, 3.1577073085006863e-01, 1.2194064612155928e-01, 5.4975956322026853e-01],
    [3.1577073085129626e-01, 5.4975956321856667e-01, 1.2194064612202737e-01, 1.2529059808109699e-02],
    [5.3039778396647430e-01, 2.3367686225072859e-01, 8.5689669051355281e-03, 2.2735638687766158e-01],
    [2.2735638687752818e-01, 5.3039778396606729e-01, 8.5689669051058175e-03, 2.3367686225129877e-01],
    [2.3367686225047427e-01, 2.2735638687684140e-01, 8.5689669051960023e-03, 5.3039778396748827e-01],
    [1.3411164646971270e-02, 6.6129820367822334e-01, 9.6012829340792874e-02, 2.2927780233401257e-01],
    [2.2927780233499742e-01, 1.3411164647075646e-02, 9.6012829340418507e-02, 6.6129820367750836e-01],
    [6.6129820367832304e-01, 2.2927780233386791e-01, 9.6012829340657274e-02, 1.3411164647151780e-02],
    [6.5338801886631159e-01, 2.2473267551866191e-01, 1.6992627065668162e-02, 1.0488667854935833e-01],
    [1.0488667854954005e-01, 6.5338801886697584e-01, 1.6992627065828849e-02, 2.2473267551765527e-01],
    [2.2473267551858664e-01, 1.0488667854884910e-01, 1.6992627065998342e-02, 6.5338801886656583e-01],
    [2.6125966949594809e-01, 7.6675079395350232e-03, 4.3044133981908445e-01, 3.0063148274543244e-01],
    [3.0063148274476820e-01, 2.6125966949521745e-01, 4.3044133982028498e-01, 7.6675079397293122e-03],
    [7.6675079396826386e-03, 3.0063148274454654e-01, 4.3044133981972488e-01, 2.6125966949604595e-01],
    [1.9406750685987021e-02, 1.9900336993117751e-01, 7.5436624792241821e-02, 7.0615325459059364e-01],
    [7.0615325459019995e-01, 1.9406750685966052e-02, 7.5436624792254936e-02, 1.9900336993157908e-01],
    [1.9900336993159862e-01, 7.0615325458972400e-01, 7.5436624792675946e-02, 1.9406750686001437e-02],
    [2.1536932251427945e-01, 7.1623804800797344e-02, 6.6140784299945701e-02, 6.4686608838497750e-01],
    [7.1623804800156246e-02, 6.4686608838484938e-01, 6.6140784299325184e-02, 2.1536932251566915e-01],
    [6.4686608838454362e-01, 2.1536932251507906e-01, 6.6140784299280178e-02, 7.1623804801097132e-02],
    [7.7815923168826004e-02, 7.7815923168173817e-02, 7.6655223049187837e-01, 7.7815923171121737e-02],
    [1.8774198747379872e-02, 1.0144050962237805e-01, 1.8430495314928247e-01, 6.9548033848095958e-01],
    [6.9548033848057778e-01, 1.8774198747505355e-02, 1.8430495314936815e-01, 1.0144050962254872e-01],
    [1.0144050962235573e-01, 6.9548033848056756e-01, 1.8430495314955586e-01, 1.8774198747520843e-02],
    [9.5788552719600656e-02, 1.8232037716781030e-02, 2.1028448189458029e-01, 6.7569492766903805e-01],
    [6.7569492766944150e-01, 9.5788552719088912e-02, 2.1028448189462962e-01, 1.8232037716839955e-02],
    [1.8232037716882213e-02, 6.7569492766879669e-01, 2.1028448189471335e-01, 9.5788552719607761e-02],
    [4.7392585491525691e-01, 3.9429915689815503e-01, 1.1453359412867894e-01, 1.7241394057909060e-02],
    [3.9429915690011103e-01, 1.7241394057918309e-02, 1.1453359412850894e-01, 4.7392585491346162e-01],
    [1.7241394057938932e-02, 4.7392585491461908e-01, 1.1453359412891555e-01, 3.9429915689852640e-01],
    [9.9835161674554543e-02, 2.2353314623542345e-01, 2.6421594174799532e-02, 6.5021009791522255e-01],
    [6.5021009791527129e-01, 9.9835161674298678e-02, 2.6421594174906814e-02, 2.2353314623552323e-01],
    [2.2353314623667861e-01, 6.5021009791394802e-01, 2.6421594174992003e-02, 9.9835161674381348e-02],
    [4.6049657509022054e-02, 3.9686824754176542e-01, 5.1632276820908307e-01, 4.0759326740129498e-02],
    [3.9686824754112932e-01, 4.0759326740620799e-02, 5.1632276820926737e-01, 4.6049657508982489e-02],
    [4.0759326740823984e-02, 4.6049657509369013e-02, 5.1632276820884782e-01, 3.9686824754095928e-01],
    [5.7063402438994093e-01, 8.4003118729865489e-02, 1.0503653090737698e-01, 2.4032632597281661e-01],
    [2.4032632597186099e-01, 5.7063402438971889e-01, 1.0503653090825311e-01, 8.4003118730167012e-02],
    [8.4003118730168913e-02, 2.4032632597437198e-01, 1.0503653090556994e-01, 5.7063402438988919e-01],
    [1.9323671432918316e-01, 7.1365091251182705e-02, 6.5825287968999058e-01, 7.7145314729643588e-02],
    [7.7145314729413175e-02, 1.9323671432825359e-01, 6.5825287969072566e-01, 7.1365091251607504e-02],
    [7.1365091252099028e-02, 7.7145314729770292e-02, 6.5825287968653601e-01, 1.9323671433159473e-01],
    [7.8374240525304409e-02, 3.7618181369319248e-01, 7.2361551204899829e-02, 4.7308239457660328e-01],
    [4.7308239457842871e-01, 7.8374240525731886e-02, 7.2361551204655553e-02, 3.7618181369118386e-01],
    [3.7618181369129411e-01, 4.7308239457860796e-01, 7.2361551204518634e-02, 7.8374240525579300e-02],
    [8.9235684688617659e-02, 5.1154238653290873e-01, 9.2817153999807236e-02, 3.0640477477866640e-01],
    [3.0640477477896050e-01, 8.9235684687598710e-02, 9.2817154000513477e-02, 5.1154238653292738e-01],
    [5.1154238653258621e-01, 3.0640477477872680e-01, 9.2817154000416666e-02, 8.9235684688270325e-02],
    [9.7372033636344169e-02, 1.0073440141218484e-01, 4.9290887213283763e-01, 3.0898469281863339e-01],
    [3.0898469281738711e-01, 9.7372033635329147e-02, 4.9290887213599699e-01, 1.0073440141128664e-01],
    [1.0073440141062313e-01, 3.0898469281773133e-01, 4.9290887213695472e-01, 9.7372033634690769e-02],
    [1.7754788331433513e-01, 3.8996760915640372e-01, 4.0302415080009518e-01, 2.9460356729165971e-02],
    [3.8996760915675671e-01, 2.9460356729184234e-02, 4.0302415080032361e-01, 1.7754788331373539e-01],
    [2.9460356729192411e-02, 1.7754788331360993e-01, 4.0302415079961401e-01, 3.8996760915758361e-01],
    [3.8222189529104902e-02, 2.0340040949150351e-01, 5.6285520722145777e-01, 1.9552219375793378e-01],
    [1.9552219375788599e-01, 3.8222189528828637e-02, 5.6285520722154680e-01, 2.0340040949173865e-01],
    [2.0340040949159999e-01, 1.9552219375769744e-01, 5.6285520722145321e-01, 3.8222189529249384e-02],
    [3.9199335018335696e-01, 1.9141817810078382e-01, 3.0608282527723133e-02, 3.8598018918813604e-01],
    [3.8598018918754823e-01, 3.9199335018389064e-01, 3.0608282527645424e-02, 1.9141817810091566e-01],
    [1.9141817810099226e-01, 3.8598018918692173e-01, 3.0608282527640460e-02, 3.9199335018444553e-01],
    [3.8305467109791713e-02, 4.1432115160378913e-01, 3.8636881567304010e-01, 1.6100456561337900e-01],
    [4.1432115160271371e-01, 1.6100456561387338e-01, 3.8636881567332093e-01, 3.8305467110092029e-02],
    [1.6100456561349921e-01, 3.8305467110045399e-02, 3.8636881567317038e-01, 4.1432115160328498e-01],
    [2.0566325305419980e-01, 5.4111261308966513e-02, 2.0611451727047225e-01, 5.3411096836636152e-01],
    [5.3411096836623140e-01, 2.0566325305406269e-01, 2.0611451727070371e-01, 5.4111261309002207e-02],
    [5.4111261309288138e-02, 5.3411096836574767e-01, 2.0611451726976579e-01, 2.0566325305519842e-01],
    [1.0151715916997765e-01, 1.0206343496184420e-01, 1.1627248810455038e-01, 6.8014691776362779e-01],
    [6.8014691776350766e-01, 1.0151715917024427e-01, 1.1627248810442484e-01, 1.0206343496182321e-01],
    [1.0206343496165496e-01, 6.8014691776366420e-01, 1.1627248810426985e-01, 1.0151715917041101e-01],
    [6.7947099032254668e-02, 8.0503682416860428e-02, 3.0361359236500562e-01, 5.4793562618587921e-01],
    [5.4793562618520208e-01, 6.7947099032635502e-02, 3.0361359236494129e-01, 8.0503682417221112e-02],
    [8.0503682417476422e-02, 5.4793562618495251e-01, 3.0361359236453539e-01, 6.7947099033035696e-02],
    [2.1600654434621913e-01, 5.0717778076467634e-01, 2.1451162811032867e-01, 6.2304046778775851e-02],
    [5.0717778076517861e-01, 6.2304046778809144e-02, 2.1451162810991573e-01, 2.1600654434609654e-01],
    [6.2304046779080767e-02, 2.1600654434562205e-01, 2.1451162810888516e-01, 5.0717778076641207e-01],
    [1.2714667626909157e-01, 1.6775247028324503e-01, 3.4655632628380023e-01, 3.5854452716386315e-01],
    [1.6775247028179924e-01, 3.5854452716358098e-01, 3.4655632628529370e-01, 1.2714667626932613e-01],
    [3.5854452716452861e-01, 1.2714667626975826e-01, 3.4655632628403832e-01, 1.6775247028167473e-01],
    [3.5026145151799376e-01, 4.6375777617010880e-02, 2.4123871535757518e-01, 3.6212405550742016e-01],
    [3.6212405550780108e-01, 3.5026145151815014e-01, 2.4123871535740929e-01, 4.6375777616639441e-02],
    [4.6375777617043354e-02, 3.6212405550663507e-01, 2.4123871535784847e-01, 3.5026145151847310e-01],
    [5.0354454726258524e-01, 2.0969685377178657e-01, 7.9081518682243029e-02, 2.0767708028338513e-01],
    [2.0767708028302520e-01, 5.0354454726257114e-01, 7.9081518682362989e-02, 2.0969685377204064e-01],
    [2.0969685377192285e-01, 2.0767708028259305e-01, 7.9081518682954474e-02, 5.0354454726252973e-01],
    [9.7041254259199863e-02, 2.8515106751575842e-01, 3.6398508958365577e-01, 2.5382258864138590e-01],
    [2.8515106751538349e-01, 2.5382258864258955e-01, 3.6398508958245201e-01, 9.7041254259574994e-02],
    [2.5382258864237872e-01, 9.7041254259352144e-02, 3.6398508958336279e-01, 2.8515106751490632e-01],
    [3.0291811932930141e-01, 3.0291811932937651e-01, 9.1245642012342393e-02, 3.0291811932897972e-01],
    [4.5264887199536130e-01, 1.7834349061354571e-01, 2.1415536427038959e-01, 1.5485227312070340e-01],
    [1.7834349061310412e-01, 1.5485227311971983e-01, 2.1415536427178963e-01, 4.5264887199538650e-01],
    [1.5485227312058675e-01, 4.5264887199480763e-01, 2.1415536427096482e-01, 1.7834349061364074e-01],
    [1.6588752025509196e-01, 1.6588752025504497e-01, 5.0233743923516827e-01, 1.6588752025469478e-01],
    [1.5380603608032287e-01, 3.3229608338548661e-01, 1.6443270977701432e-01, 3.4946517075717620e-01],
    [3.3229608338574895e-01, 3.4946517075681610e-01, 1.6443270977720448e-01, 1.5380603608023052e-01],
    [3.4946517075658040e-01, 1.5380603608034260e-01, 1.6443270977711405e-01, 3.3229608338596300e-01],
    [2.4322103194151506e-01, 2.4322103194167016e-01, 2.7033690417470868e-01, 2.4322103194210609e-01]
  ]
}
