{
  "_ENH" : "The article only claims degree 15",
  "degree": 16,
  "weights": [3.0569699676753922e-04, 3.0569699676775286e-04, 3.0569699676818264e-04, 4.8549468152003084e-04, 4.8549468152046479e-04, 4.8549468152050458e-04, 5.4023150808906102e-04, 5.4023150808930887e-04, 5.4023150808932155e-04, 6.6580730613131054e-04, 6.6580730613138199e-04, 6.6580730613138807e-04, 8.5806777853784358e-04, 8.5806777853788662e-04, 8.5806777853794311e-04, 8.6141168416636622e-04, 8.6141168416641566e-04, 8.6141168416671099e-04, 1.0228571538729071e-03, 1.0228571538730702e-03, 1.0228571538733518e-03, 1.0677327830633718e-03, 1.0677327830636778e-03, 1.0677327830639167e-03, 1.1274750604804424e-03, 1.1274750604804990e-03, 1.1274750604806855e-03, 1.1311952610714192e-03, 1.1311952610715274e-03, 1.1311952610716129e-03, 1.2205206435349318e-03, 1.2205206435349370e-03, 1.2205206435351068e-03, 1.4298721522873516e-03, 1.4298721522877163e-03, 1.4298721522887905e-03, 1.4821494425657981e-03, 1.4821494425661917e-03, 1.4821494425662060e-03, 1.5509231408308297e-03, 1.5509231408312662e-03, 1.5509231408317122e-03, 1.5934993855948080e-03, 1.5934993855948121e-03, 1.5934993855948635e-03, 1.7861249815081957e-03, 1.7861249815083562e-03, 1.7861249815090978e-03, 1.7936629240591050e-03, 1.7936629240591390e-03, 1.7936629240591934e-03, 1.9232997187521820e-03, 1.9232997187527464e-03, 1.9232997187531716e-03, 2.0111930380011206e-03, 2.0111930380013994e-03, 2.0111930380015178e-03, 2.1450671257150383e-03, 2.1450671257152655e-03, 2.1450671257153822e-03, 2.2599561848330131e-03, 2.2599561848330642e-03, 2.2599561848338947e-03, 2.5023360274241909e-03, 2.5023360274244399e-03, 2.5023360274245292e-03, 2.5241448561619710e-03, 2.5241448561627378e-03, 2.5241448561630860e-03, 2.6420426635143648e-03, 2.6420426635147026e-03, 2.6420426635161160e-03, 2.7061056539675783e-03, 2.7061056539675931e-03, 2.7061056539676750e-03, 2.8855521638912261e-03, 2.8855521638912322e-03, 2.8855521638913623e-03, 2.9530101083812812e-03, 2.9530101083814118e-03, 2.9530101083816386e-03, 2.9835906830448043e-03, 2.9835906830452830e-03, 2.9835906830460268e-03, 3.0277257689986900e-03, 3.0277257689989056e-03, 3.0277257689994173e-03, 3.0321639975538447e-03, 3.0321639975542975e-03, 3.0321639975545004e-03, 3.0449304604489016e-03, 3.0449304604489077e-03, 3.0449304604491753e-03, 3.1777701760975366e-03, 3.1777701760977274e-03, 3.1777701760981637e-03, 3.5768346737709501e-03, 3.5768346737710607e-03, 3.5768346737716102e-03, 3.6379196369491873e-03, 3.6379196369498166e-03, 3.6379196369507290e-03, 3.7830641325782514e-03, 3.7830641325785510e-03, 3.7830641325788689e-03, 3.8942624030784568e-03, 3.8942624030785804e-03, 3.8942624030792413e-03, 4.0708033465966390e-03, 4.0708033465972401e-03, 4.0708033465973840e-03, 4.2112432469729958e-03, 4.2112432469735952e-03, 4.2112432469736160e-03, 4.2269991676020203e-03, 4.2269991676020489e-03, 4.2269991676021227e-03, 4.2739265137534009e-03, 4.2739265137537877e-03, 4.2739265137538935e-03, 4.3085043030892849e-03, 4.3085043030893881e-03, 4.3085043030894462e-03, 4.3920575025324735e-03, 4.3920575025325976e-03, 4.3920575025333574e-03, 4.4925176603417506e-03, 4.4925176603419761e-03, 4.4925176603424211e-03, 4.5798745078116342e-03, 4.5798745078122691e-03, 4.5798745078125510e-03, 4.5990707521143563e-03, 4.5990707521146885e-03, 4.5990707521147518e-03, 4.6961095591696624e-03, 4.6961095591698471e-03, 4.6961095591702981e-03, 4.9298776593684427e-03, 4.9298776593684609e-03, 4.9298776593685216e-03, 5.0411429974839984e-03, 5.0411429974845951e-03, 5.0411429974852439e-03, 5.1898147386760718e-03, 5.1898147386761047e-03, 5.1898147386761325e-03, 5.8626496377744740e-03, 5.8626496377752269e-03, 5.8626496377755192e-03, 6.0193568426656734e-03, 6.0193568426657384e-03, 6.0193568426668018e-03, 6.6642412692703113e-03, 6.6642412692708031e-03, 6.6642412692710954e-03, 6.9247166514956370e-03, 6.9247166514980023e-03, 6.9247166514989078e-03, 7.1333218689838109e-03, 7.1333218689841179e-03, 7.1333218689847060e-03, 7.2235890487295767e-03, 7.2235890487306045e-03, 7.2235890487307173e-03, 7.6065288605440999e-03, 7.6065288605442552e-03, 7.6065288605449144e-03, 7.8452080271941404e-03, 7.8452080271945168e-03, 7.8452080271946313e-03, 8.0316598766810056e-03, 8.0316598766814132e-03, 8.0316598766823778e-03, 8.0728138585381987e-03, 8.0728138585388198e-03, 8.0728138585388805e-03, 8.3901491715356151e-03, 8.3901491715360852e-03, 8.3901491715366074e-03, 9.0703330547096100e-03, 9.2209764076696676e-03, 9.2209764076715498e-03, 9.2209764076716695e-03, 9.4109805956684636e-03, 9.8230230462195197e-03, 9.8230230462199638e-03, 9.8230230462201303e-03, 1.0008059189118054e-02, 1.0008059189118085e-02, 1.0008059189120708e-02, 1.0080849110559039e-02, 1.0080849110559046e-02, 1.0080849110559524e-02, 1.0147288801619143e-02, 1.0147288801619322e-02, 1.0147288801621282e-02, 1.0856114652410837e-02, 1.0856114652411023e-02, 1.0856114652411394e-02, 1.0962566091417575e-02, 1.0962566091421096e-02, 1.0962566091424453e-02, 1.1248300651197545e-02, 1.1335314392946287e-02, 1.1335314392948707e-02, 1.1335314392949285e-02, 1.1457670253982847e-02, 1.1457670253984392e-02, 1.1457670253986307e-02, 1.2296751421114121e-02, 1.2296751421114140e-02, 1.2296751421123657e-02, 1.4444937318645323e-02],
  "bary": [
    [2.4841752922783841e-02, 8.8480464894325483e-03, 9.3726606130096324e-01, 2.9044139286820481e-02],
    [8.8480464894375183e-03, 2.9044139286816761e-02, 9.3726606130096080e-01, 2.4841752922785010e-02],
    [2.9044139286812130e-02, 2.4841752922780180e-02, 9.3726606130095536e-01, 8.8480464894522548e-03],
    [3.0736847794364873e-03, 2.7925176081307590e-01, 7.8266361683695662e-03, 7.0984791823911808e-01],
    [7.0984791823912596e-01, 3.0736847794470717e-03, 7.8266361683742916e-03, 2.7925176081305264e-01],
    [2.7925176081305486e-01, 7.0984791823912274e-01, 7.8266361683747322e-03, 3.0736847794476073e-03],
    [8.8516620805592594e-01, 1.9416855254404532e-02, 9.2253471337472387e-02, 3.1634653521971368e-03],
    [1.9416855254405705e-02, 3.1634653522014909e-03, 9.2253471337479048e-02, 8.8516620805591373e-01],
    [3.1634653522033527e-03, 8.8516620805592139e-01, 9.2253471337470111e-02, 1.9416855254405146e-02],
    [2.0622706232220647e-02, 9.4337920850733925e-01, 1.6085978651313580e-02, 1.9912106609126547e-02],
    [9.4337920850733703e-01, 1.9912106609126637e-02, 1.6085978651314736e-02, 2.0622706232221597e-02],
    [1.9912106609126581e-02, 2.0622706232220473e-02, 1.6085978651315620e-02, 9.4337920850733725e-01],
    [1.0957554754814729e-01, 1.4640219324952353e-02, 8.6301275276589662e-01, 1.2771480361003729e-02],
    [1.2771480361005954e-02, 1.0957554754814758e-01, 8.6301275276589540e-01, 1.4640219324951076e-02],
    [1.4640219324953527e-02, 1.2771480361006005e-02, 8.6301275276590150e-01, 1.0957554754813903e-01],
    [1.0349906600671714e-02, 7.4269158348725473e-01, 1.1672759117846225e-02, 2.3528575079422734e-01],
    [2.3528575079423272e-01, 1.0349906600674258e-02, 1.1672759117843403e-02, 7.4269158348724962e-01],
    [7.4269158348725017e-01, 2.3528575079422406e-01, 1.1672759117849284e-02, 1.0349906600676480e-02],
    [1.3339039967639301e-02, 3.7185838176170016e-01, 6.0570463655837337e-01, 9.0979417122871720e-03],
    [3.7185838176170827e-01, 9.0979417122908912e-03, 6.0570463655836260e-01, 1.3339039967638189e-02],
    [9.0979417122943138e-03, 1.3339039967639771e-02, 6.0570463655836393e-01, 3.7185838176170205e-01],
    [5.2497718614147981e-01, 1.3672264012539879e-02, 1.0292081896929553e-02, 4.5105846794905075e-01],
    [1.3672264012543619e-02, 4.5105846794905874e-01, 1.0292081896931355e-02, 5.2497718614146638e-01],
    [4.5105846794904864e-01, 5.2497718614147337e-01, 1.0292081896933734e-02, 1.3672264012544313e-02],
    [7.4591142465492796e-02, 9.3420696943327261e-02, 4.1103117259856017e-03, 8.2787784886519433e-01],
    [8.2787784886518556e-01, 7.4591142465496627e-02, 4.1103117259863493e-03, 9.3420696943331466e-02],
    [9.3420696943328302e-02, 8.2787784886518423e-01, 4.1103117259892047e-03, 7.4591142465498236e-02],
    [1.2251498141175805e-02, 1.1081079369917000e-01, 1.8805748203180910e-02, 8.5813195995647329e-01],
    [1.1081079369916862e-01, 8.5813195995647273e-01, 1.8805748203180230e-02, 1.2251498141178461e-02],
    [8.5813195995646996e-01, 1.2251498141177809e-02, 1.8805748203182236e-02, 1.1081079369916999e-01],
    [1.5118435424582395e-02, 4.7659446060689753e-02, 7.5099558969526498e-02, 8.6212255954520145e-01],
    [4.7659446060690211e-02, 8.6212255954520367e-01, 7.5099558969524180e-02, 1.5118435424581980e-02],
    [8.6212255954520045e-01, 1.5118435424583080e-02, 7.5099558969531896e-02, 4.7659446060684577e-02],
    [1.3615812138334779e-01, 1.9220234644337642e-03, 2.2608222996666472e-01, 6.3583762518555376e-01],
    [6.3583762518555431e-01, 1.3615812138334998e-01, 2.2608222996666225e-01, 1.9220234644334588e-03],
    [1.9220234644436892e-03, 6.3583762518553177e-01, 2.2608222996667662e-01, 1.3615812138334790e-01],
    [1.3760378818404475e-02, 7.4151602970796815e-01, 2.2821265716173228e-01, 1.6510934311895042e-02],
    [7.4151602970796404e-01, 1.6510934311897249e-02, 2.2821265716173142e-01, 1.3760378818407276e-02],
    [1.6510934311898044e-02, 1.3760378818407193e-02, 2.2821265716174050e-01, 7.4151602970795416e-01],
    [5.2872349357347070e-01, 3.8291755222394974e-01, 8.8357526189927565e-02, 1.4280126519883307e-06],
    [1.4280126582843527e-06, 5.2872349357347226e-01, 8.8357526189921390e-02, 3.8291755222394813e-01],
    [3.8291755222395396e-01, 1.4280126628893330e-06, 8.8357526189923805e-02, 5.2872349357345938e-01],
    [8.6030781907455034e-01, 1.0066693912386285e-01, 2.1823368794837410e-02, 1.7201873006749403e-02],
    [1.0066693912386375e-01, 1.7201873006748615e-02, 2.1823368794837920e-02, 8.6030781907454978e-01],
    [1.7201873006749257e-02, 8.6030781907455023e-01, 2.1823368794838396e-02, 1.0066693912386213e-01],
    [2.1374974954848602e-01, 3.0091526710009642e-03, 6.8836735064510368e-01, 9.4873747135409303e-02],
    [3.0091526710017270e-03, 9.4873747135411135e-02, 6.8836735064510424e-01, 2.1374974954848280e-01],
    [9.4873747135410511e-02, 2.1374974954848500e-01, 6.8836735064509547e-01, 3.0091526710089855e-03],
    [1.7768858919010245e-02, 5.5964714400717708e-01, 4.0901552224799431e-01, 1.3568474825818355e-02],
    [5.5964714400717752e-01, 1.3568474825819521e-02, 4.0901552224799281e-01, 1.7768858919010144e-02],
    [1.3568474825819877e-02, 1.7768858919009561e-02, 4.0901552224799742e-01, 5.5964714400717308e-01],
    [5.5618616120253683e-01, 7.1859589391979062e-02, 3.6312512663709490e-01, 8.8291227683892082e-03],
    [7.1859589391992745e-02, 8.8291227683905127e-03, 3.6312512663709667e-01, 5.5618616120252007e-01],
    [8.8291227683967351e-03, 5.5618616120252895e-01, 3.6312512663709162e-01, 7.1859589391982670e-02],
    [2.1535566444678082e-02, 1.9486093243793745e-02, 7.3683190666982012e-01, 2.2214643364170805e-01],
    [1.9486093243795216e-02, 2.2214643364171160e-01, 7.3683190666981224e-01, 2.1535566444680909e-02],
    [2.2214643364171591e-01, 2.1535566444680992e-02, 7.3683190666980802e-01, 1.9486093243795022e-02],
    [7.7060184044202917e-01, 1.4880932415225638e-02, 1.4575078198884095e-01, 6.8766445153904232e-02],
    [1.4880932415225473e-02, 6.8766445153902192e-02, 1.4575078198884614e-01, 7.7060184044202618e-01],
    [6.8766445153904676e-02, 7.7060184044202062e-01, 1.4575078198884964e-01, 1.4880932415225007e-02],
    [2.6321406928337365e-01, 5.4164479475849359e-01, 1.9400964245213961e-01, 1.1314935059931475e-03],
    [5.4164479475849614e-01, 1.1314935059924119e-03, 1.9400964245214047e-01, 2.6321406928337099e-01],
    [1.1314935059993606e-03, 2.6321406928337887e-01, 1.9400964245214022e-01, 5.4164479475848148e-01],
    [5.8668667853379930e-01, 3.7000276799547749e-01, 1.9204587917436407e-02, 2.4105965553286805e-02],
    [2.4105965553288623e-02, 5.8668667853379752e-01, 1.9204587917437631e-02, 3.7000276799547627e-01],
    [3.7000276799548737e-01, 2.4105965553288165e-02, 1.9204587917438277e-02, 5.8668667853378620e-01],
    [1.0072452537868724e-01, 7.8398332080674149e-03, 6.8125769737842201e-01, 2.1017794403482337e-01],
    [7.8398332080737241e-03, 2.1017794403481979e-01, 6.8125769737842023e-01, 1.0072452537868626e-01],
    [2.1017794403481835e-01, 1.0072452537869253e-01, 6.8125769737841435e-01, 7.8398332080746869e-03],
    [2.6780584731704438e-01, 9.6537278381774172e-03, 3.2038702893231852e-01, 4.0215339591245969e-01],
    [9.6537278381777815e-03, 4.0215339591249066e-01, 3.2038702893230264e-01, 2.6780584731702894e-01],
    [4.0215339591245491e-01, 2.6780584731702567e-01, 3.2038702893233650e-01, 9.6537278381829128e-03],
    [1.8719507665564718e-02, 7.8774076818468208e-02, 8.1746470954027872e-01, 8.5041705975688275e-02],
    [7.8774076818469013e-02, 8.5041705975690940e-02, 8.1746470954027584e-01, 1.8719507665564183e-02],
    [8.5041705975692952e-02, 1.8719507665565294e-02, 8.1746470954027761e-01, 7.8774076818464156e-02],
    [2.2896225807555992e-01, 7.0591806905140009e-01, 1.7032318729336620e-02, 4.8087354143703367e-02],
    [7.0591806905139809e-01, 4.8087354143702174e-02, 1.7032318729336894e-02, 2.2896225807556284e-01],
    [4.8087354143689573e-02, 2.2896225807556736e-01, 1.7032318729336995e-02, 7.0591806905140608e-01],
    [1.3439520122153745e-02, 1.8897832215046403e-01, 7.6717668321628477e-02, 7.2086448940575365e-01],
    [1.8897832215046018e-01, 7.2086448940575887e-01, 7.6717668321625243e-02, 1.3439520122155713e-02],
    [7.2086448940575021e-01, 1.3439520122155931e-02, 7.6717668321629462e-02, 1.8897832215046440e-01],
    [1.8566957142053048e-01, 9.4074347410281201e-03, 4.9871510602750596e-01, 3.0620788781093539e-01],
    [3.0620788781092778e-01, 1.8566957142052851e-01, 4.9871510602751423e-01, 9.4074347410294523e-03],
    [9.4074347410326581e-03, 3.0620788781090902e-01, 4.9871510602752966e-01, 1.8566957142052865e-01],
    [7.1343133049854082e-02, 7.1689888802073709e-01, 1.5863515749191363e-02, 1.9589446318021747e-01],
    [7.1689888802073309e-01, 1.9589446318021145e-01, 1.5863515749191873e-02, 7.1343133049863589e-02],
    [1.9589446318020931e-01, 7.1343133049858690e-02, 1.5863515749195849e-02, 7.1689888802073609e-01],
    [6.0812309213979376e-01, 1.1325403283846319e-02, 2.9609178808839737e-01, 8.4459716487962522e-02],
    [1.1325403283849610e-02, 8.4459716487961217e-02, 2.9609178808840053e-01, 6.0812309213978866e-01],
    [8.4459716487962772e-02, 6.0812309213978766e-01, 2.9609178808840003e-01, 1.1325403283849511e-02],
    [7.8319019080470531e-01, 8.9466287453629167e-02, 1.0939809439001565e-01, 1.7945427351649876e-02],
    [1.7945427351648759e-02, 7.8319019080469809e-01, 1.0939809439002129e-01, 8.9466287453631888e-02],
    [8.9466287453635635e-02, 1.7945427351650813e-02, 1.0939809439001559e-01, 7.8319019080469798e-01],
    [5.2441178045500425e-01, 2.0845779940811709e-01, 1.1334478230524043e-02, 2.5579594190635463e-01],
    [2.0845779940810888e-01, 2.5579594190635097e-01, 1.1334478230525163e-02, 5.2441178045501502e-01],
    [2.5579594190634319e-01, 5.2441178045502967e-01, 1.1334478230527611e-02, 2.0845779940809958e-01],
    [1.5882614375023113e-02, 3.8634568803868807e-01, 5.3258040361878123e-01, 6.5191293967507558e-02],
    [6.5191293967518757e-02, 1.5882614375024695e-02, 5.3258040361877068e-01, 3.8634568803868585e-01],
    [3.8634568803868169e-01, 6.5191293967514802e-02, 5.3258040361877690e-01, 1.5882614375026582e-02],
    [3.2369110716585311e-02, 6.6673493269981787e-01, 2.3206656780404045e-01, 6.8829388779556355e-02],
    [6.8829388779573716e-02, 3.2369110716582605e-02, 2.3206656780403628e-01, 6.6673493269980733e-01],
    [6.6673493269980233e-01, 6.8829388779572148e-02, 2.3206656780403634e-01, 3.2369110716589211e-02],
    [2.1542086214054956e-01, 1.7837856665173537e-02, 7.7944120559412855e-02, 6.8879716063486396e-01],
    [1.7837856665175841e-02, 6.8879716063486718e-01, 7.7944120559416963e-02, 2.1542086214054007e-01],
    [6.8879716063486263e-01, 2.1542086214053849e-01, 7.7944120559421931e-02, 1.7837856665176954e-02],
    [4.0317650797844962e-01, 1.4990931710876537e-02, 5.0210663116400489e-01, 7.9725929146668983e-02],
    [1.4990931710877117e-02, 7.9725929146670454e-02, 5.0210663116400212e-01, 4.0317650797845039e-01],
    [7.9725929146668914e-02, 4.0317650797844640e-01, 5.0210663116400478e-01, 1.4990931710879951e-02],
    [1.8486368116780361e-01, 6.4995163554957180e-01, 1.8299964833187105e-02, 1.4688471844943748e-01],
    [6.4995163554955226e-01, 1.4688471844943712e-01, 1.8299964833187035e-02, 1.8486368116782359e-01],
    [1.4688471844942660e-01, 1.8486368116781399e-01, 1.8299964833187205e-02, 6.4995163554957225e-01],
    [1.8044534416486877e-01, 4.5182010241282200e-01, 3.5402410236369281e-01, 1.3710451058616402e-02],
    [1.3710451058619573e-02, 1.8044534416486627e-01, 3.5402410236368043e-01, 4.5182010241283377e-01],
    [4.5182010241281612e-01, 1.3710451058618053e-02, 3.5402410236369469e-01, 1.8044534416487118e-01],
    [8.1052062373885833e-02, 3.7665321562474041e-01, 1.5189450866442180e-02, 5.2710527113493155e-01],
    [5.2710527113492234e-01, 8.1052062373884584e-02, 1.5189450866441773e-02, 3.7665321562475129e-01],
    [3.7665321562473869e-01, 5.2710527113492944e-01, 1.5189450866442690e-02, 8.1052062373889233e-02],
    [3.3140849776210396e-01, 1.1264359775378886e-01, 1.3486806423479603e-02, 5.4246109806062770e-01],
    [5.4246109806061071e-01, 3.3140849776211806e-01, 1.3486806423479976e-02, 1.1264359775379125e-01],
    [1.1264359775379362e-01, 5.4246109806061094e-01, 1.3486806423480588e-02, 3.3140849776211484e-01],
    [5.6079351397768074e-01, 1.9097732714868951e-02, 6.3489290657651146e-02, 3.5661946264979916e-01],
    [1.9097732714868247e-02, 3.5661946264979666e-01, 6.3489290657653727e-02, 5.6079351397768129e-01],
    [3.5661946264979011e-01, 5.6079351397768362e-01, 6.3489290657657405e-02, 1.9097732714868920e-02],
    [7.2273687683445914e-02, 2.7389889905024467e-01, 6.0534164000595958e-01, 4.8485773260349863e-02],
    [4.8485773260344478e-02, 7.2273687683441917e-02, 6.0534164000595481e-01, 2.7389889905025877e-01],
    [2.7389889905025461e-01, 4.8485773260344617e-02, 6.0534164000594326e-01, 7.2273687683457433e-02],
    [3.7061445451877084e-01, 1.6023079633962461e-02, 1.8970166018200027e-01, 4.2366080566526643e-01],
    [1.6023079633964130e-02, 4.2366080566525544e-01, 1.8970166018199616e-01, 3.7061445451878428e-01],
    [4.2366080566524977e-01, 3.7061445451877512e-01, 1.8970166018200993e-01, 1.6023079633965182e-02],
    [7.3139340367706779e-02, 6.7782531951927572e-02, 7.0470387388207889e-01, 1.5437425379828673e-01],
    [1.5437425379827871e-01, 7.3139340367708805e-02, 7.0470387388206923e-01, 6.7782531951943170e-02],
    [6.7782531951944017e-02, 1.5437425379826039e-01, 7.0470387388207578e-01, 7.3139340367719741e-02],
    [2.2555506878883747e-01, 3.8282613232164492e-01, 1.2644291885665529e-02, 3.7897450700385210e-01],
    [3.8282613232163643e-01, 3.7897450700385354e-01, 1.2644291885665834e-02, 2.2555506878884418e-01],
    [3.7897450700384921e-01, 2.2555506878882517e-01, 1.2644291885667670e-02, 3.8282613232165791e-01],
    [1.6106647628506152e-02, 1.9559767224086619e-01, 5.0488894960975805e-01, 2.8340673052086962e-01],
    [1.9559767224086994e-01, 2.8340673052085630e-01, 5.0488894960976849e-01, 1.6106647628505333e-02],
    [2.8340673052085263e-01, 1.6106647628506471e-02, 5.0488894960976249e-01, 1.9559767224087843e-01],
    [7.3943968409754091e-02, 8.9722092154816774e-02, 6.0887201650513756e-02, 7.7544673778491546e-01],
    [7.7544673778491158e-01, 7.3943968409759780e-02, 6.0887201650513312e-02, 8.9722092154815331e-02],
    [8.9722092154812541e-02, 7.7544673778490958e-01, 6.0887201650519467e-02, 7.3943968409758420e-02],
    [2.1985504155548254e-02, 4.5226988730673323e-01, 3.6565284510192936e-01, 1.6009176343578918e-01],
    [4.5226988730677053e-01, 1.6009176343577375e-01, 3.6565284510190360e-01, 2.1985504155552116e-02],
    [1.6009176343580589e-01, 2.1985504155553323e-02, 3.6565284510189061e-01, 4.5226988730675016e-01],
    [6.4253401625742368e-01, 3.0233402400853940e-02, 1.7773424907703977e-01, 1.4949833226468262e-01],
    [1.4949833226470108e-01, 6.4253401625741258e-01, 1.7773424907703392e-01, 3.0233402400852399e-02],
    [3.0233402400851556e-02, 1.4949833226469325e-01, 1.7773424907704014e-01, 6.4253401625741502e-01],
    [2.9823862031371340e-01, 3.4929843753842832e-01, 3.2827668948484345e-01, 2.4186252663014829e-02],
    [2.4186252663011342e-02, 2.9823862031372628e-01, 3.2827668948485605e-01, 3.4929843753840634e-01],
    [3.4929843753841661e-01, 2.4186252663017216e-02, 3.2827668948483346e-01, 2.9823862031373272e-01],
    [2.4925785858488723e-02, 5.6134843234732490e-01, 1.8983510448305208e-01, 2.2389067731113432e-01],
    [2.2389067731111606e-01, 2.4925785858486441e-02, 1.8983510448306085e-01, 5.6134843234733667e-01],
    [5.6134843234731446e-01, 2.2389067731112999e-01, 1.8983510448306445e-01, 2.4925785858491090e-02],
    [1.7694615290530358e-01, 5.0908723459531874e-02, 6.0689464908614044e-01, 1.6525047454902408e-01],
    [1.6525047454902139e-01, 1.7694615290531487e-01, 6.0689464908612012e-01, 5.0908723459543559e-02],
    [5.0908723459535829e-02, 1.6525047454901018e-01, 6.0689464908613178e-01, 1.7694615290532223e-01],
    [2.6732678586841302e-01, 9.2533123108388446e-02, 1.6272823437495304e-01, 4.7741185664824554e-01],
    [9.2533123108419463e-02, 4.7741185664824837e-01, 1.6272823437493217e-01, 2.6732678586840003e-01],
    [4.7741185664822716e-01, 2.6732678586842512e-01, 1.6272823437492698e-01, 9.2533123108420740e-02],
    [6.3240860411048816e-01, 1.9482177755837204e-01, 7.9764983472710951e-02, 9.3004634858428845e-02],
    [9.3004634858426777e-02, 6.3240860411049415e-01, 7.9764983472711701e-02, 1.9482177755836733e-01],
    [1.9482177755836150e-01, 9.3004634858422308e-02, 7.9764983472728188e-02, 6.3240860411048805e-01],
    [1.2860811215365028e-01, 6.2068826688779943e-02, 5.0693613463272524e-01, 3.0238692652484445e-01],
    [3.0238692652483934e-01, 1.2860811215365425e-01, 5.0693613463271492e-01, 6.2068826688791545e-02],
    [6.2068826688794418e-02, 3.0238692652484267e-01, 5.0693613463272735e-01, 1.2860811215363555e-01],
    [6.7006050111835094e-02, 7.4469187500565651e-02, 3.6287404420166502e-01, 4.9565071818593420e-01],
    [4.9565071818593520e-01, 6.7006050111829391e-02, 3.6287404420166391e-01, 7.4469187500571521e-02],
    [7.4469187500577891e-02, 4.9565071818591988e-01, 3.6287404420166375e-01, 6.7006050111838522e-02],
    [4.9351900743285222e-02, 3.1392462275222044e-01, 1.4972523671215682e-01, 4.8699823979233753e-01],
    [3.1392462275222610e-01, 4.8699823979233148e-01, 1.4972523671216151e-01, 4.9351900743280913e-02],
    [4.8699823979234591e-01, 4.9351900743276687e-02, 1.4972523671215796e-01, 3.1392462275221944e-01],
    [1.0835290253897524e-01, 8.6562986237041228e-02, 1.7589822412859366e-01, 6.2918588709538981e-01],
    [6.2918588709538603e-01, 1.0835290253899248e-01, 1.7589822412857939e-01, 8.6562986237042089e-02],
    [8.6562986237039008e-02, 6.2918588709538303e-01, 1.7589822412859482e-01, 1.0835290253898319e-01],
    [4.9479150546588468e-01, 3.6680611146747677e-01, 7.9776238176577599e-02, 5.8626144890060947e-02],
    [5.8626144890071390e-02, 4.9479150546587486e-01, 7.9776238176580458e-02, 3.6680611146747333e-01],
    [3.6680611146746833e-01, 5.8626144890077447e-02, 7.9776238176580722e-02, 4.9479150546587347e-01],
    [6.1075648988483455e-01, 9.1556872749053525e-02, 8.6829212836202388e-02, 2.1085742452990952e-01],
    [2.1085742452991349e-01, 6.1075648988483155e-01, 8.6829212836200001e-02, 9.1556872749054927e-02],
    [9.1556872749054538e-02, 2.1085742452990938e-01, 8.6829212836206565e-02, 6.1075648988482945e-01],
    [2.7189840912706004e-01, 2.7189840912701913e-01, 1.8430477261895528e-01, 2.7189840912696561e-01],
    [8.3645286104733027e-02, 4.5989599134965892e-01, 2.8369432202267891e-01, 1.7276440052292918e-01],
    [4.5989599134964992e-01, 1.7276440052292014e-01, 2.8369432202267025e-01, 8.3645286104759742e-02],
    [1.7276440052292455e-01, 8.3645286104761102e-02, 2.8369432202266964e-01, 4.5989599134964476e-01],
    [2.2030718091587195e-01, 2.2030718091586132e-01, 3.3907845725256230e-01, 2.2030718091570439e-01],
    [4.4984927455998130e-01, 1.4029641595260195e-01, 6.8105587551873820e-02, 3.4174872193554284e-01],
    [3.4174872193555644e-01, 4.4984927455996526e-01, 6.8105587551876401e-02, 1.4029641595260195e-01],
    [1.4029641595260534e-01, 3.4174872193554640e-01, 6.8105587551874028e-02, 4.4984927455997425e-01],
    [4.7962455617607713e-01, 6.9889874600877783e-02, 2.5729314007944609e-01, 1.9319242914359896e-01],
    [1.9319242914360321e-01, 4.7962455617606675e-01, 2.5729314007945087e-01, 6.9889874600879143e-02],
    [6.9889874600893645e-02, 1.9319242914360357e-01, 2.5729314007945769e-01, 4.7962455617604505e-01],
    [4.8198520136413253e-01, 2.6055902569048034e-01, 6.5193557364412888e-02, 1.9226221558097417e-01],
    [2.6055902569046802e-01, 1.9226221558096648e-01, 6.5193557364414581e-02, 4.8198520136415102e-01],
    [1.9226221558097994e-01, 4.8198520136412798e-01, 6.5193557364416288e-02, 2.6055902569047584e-01],
    [9.1090017958405142e-02, 3.4303057397782905e-01, 2.3543386875416558e-01, 3.3044553930960030e-01],
    [3.3044553930960813e-01, 9.1090017958417827e-02, 2.3543386875415473e-01, 3.4303057397781922e-01],
    [3.4303057397780895e-01, 3.3044553930959247e-01, 2.3543386875416936e-01, 9.1090017958429165e-02],
    [8.6242401677011860e-02, 1.5255202618831171e-01, 4.3233112850838573e-01, 3.2887444362629070e-01],
    [3.2887444362628726e-01, 8.6242401677010500e-02, 4.3233112850837890e-01, 1.5255202618832336e-01],
    [1.5255202618833891e-01, 3.2887444362627355e-01, 4.3233112850837707e-01, 8.6242401677010472e-02],
    [3.3378477273631091e-01, 3.3727007414626381e-01, 1.5365688986230078e-01, 1.7528826325512450e-01],
    [3.3727007414623855e-01, 1.7528826325511743e-01, 1.5365688986230031e-01, 3.3378477273634372e-01],
    [1.7528826325512623e-01, 3.3378477273630802e-01, 1.5365688986232015e-01, 3.3727007414624555e-01],
    [3.1131774611099461e-01, 3.1131774611098706e-01, 6.6046761667013093e-02, 3.1131774611100527e-01],
    [2.8985270031644250e-01, 2.3590606803118841e-01, 3.8910094543045132e-01, 8.5140286221917771e-02],
    [2.3590606803119016e-01, 8.5140286221927458e-02, 3.8910094543046009e-01, 2.8985270031642224e-01],
    [8.5140286221927403e-02, 2.8985270031641475e-01, 3.8910094543047002e-01, 2.3590606803118785e-01],
    [1.9155861232969876e-01, 4.7385978307533067e-01, 1.6246886683326930e-01, 1.7211273776170130e-01],
    [4.7385978307531745e-01, 1.7211273776170932e-01, 1.6246886683326661e-01, 1.9155861232970656e-01],
    [1.7211273776172190e-01, 1.9155861232969063e-01, 1.6246886683328574e-01, 4.7385978307530174e-01],
    [3.4306677244807104e-01, 1.7255136606679744e-01, 2.9102804255059916e-01, 1.9335381893453235e-01],
    [1.9335381893448594e-01, 3.4306677244810313e-01, 2.9102804255059156e-01, 1.7255136606681942e-01],
    [1.7255136606684718e-01, 1.9335381893453979e-01, 2.9102804255064663e-01, 3.4306677244796635e-01],
    [1.6272843201617382e-01, 1.6272843201616555e-01, 5.1181470395147810e-01, 1.6272843201618248e-01]
  ]
}
