{
  "degree": 12,
  "weights": [2.0019994223604269e-04, 5.0574287964020974e-04, 5.0574287964022383e-04, 5.0574287964030265e-04, 1.2894560721699692e-03, 1.2894560721700083e-03, 1.2894560721701928e-03, 2.0863012932395664e-03, 2.0863012932404827e-03, 2.0863012932405647e-03, 2.0963338165056996e-03, 2.0963338165057061e-03, 2.0963338165057191e-03, 2.2170643687799882e-03, 2.2170643687801357e-03, 2.2170643687806526e-03, 2.6148434576084311e-03, 2.6148434576086003e-03, 2.6148434576087434e-03, 2.8163584867327150e-03, 2.8163584867328369e-03, 2.8163584867330984e-03, 2.8359989129305629e-03, 2.8359989129305659e-03, 2.8359989129307585e-03, 3.1267307254244274e-03, 3.1267307254244630e-03, 3.1267307254245293e-03, 3.1539736025361651e-03, 3.1539736025364548e-03, 3.1539736025369500e-03, 3.1631871831164218e-03, 3.1631871831166660e-03, 3.1631871831167050e-03, 3.2215804352868382e-03, 3.2215804352870815e-03, 3.2215804352871903e-03, 3.3396271676968481e-03, 3.3396271676971816e-03, 3.3396271676972220e-03, 3.6777416781127595e-03, 3.6777416781129013e-03, 3.6777416781129087e-03, 4.2052144238902472e-03, 4.2052144238904215e-03, 4.2052144238910972e-03, 4.9429554416823918e-03, 5.3322921543787986e-03, 5.3322921543793294e-03, 5.3322921543794526e-03, 6.2990771142773143e-03, 6.2990771142775372e-03, 6.2990771142777749e-03, 7.3780368979327804e-03, 7.3780368979330935e-03, 7.3780368979336946e-03, 7.7163158317016299e-03, 7.7163158317016421e-03, 7.7163158317017080e-03, 7.8070359678712887e-03, 7.8070359678721812e-03, 7.8070359678722653e-03, 7.8465085543696425e-03, 7.8465085543700554e-03, 7.8465085543700866e-03, 8.0005960240548540e-03, 8.0005960240549599e-03, 8.0005960240549859e-03, 8.3158083535092870e-03, 8.3158083535094032e-03, 8.3158083535098612e-03, 8.4185228050637877e-03, 8.4185228050640774e-03, 8.4185228050642838e-03, 8.5837550537404394e-03, 8.5837550537405920e-03, 8.5837550537407586e-03, 8.6887573507115172e-03, 8.6887573507120220e-03, 8.6887573507122440e-03, 9.1207861087158199e-03, 9.1207861087159291e-03, 9.1207861087160089e-03, 1.1105985073299426e-02, 1.1139880772597479e-02, 1.1139880772597735e-02, 1.1139880772598063e-02, 1.1459600294169068e-02, 1.1459600294169295e-02, 1.1459600294169389e-02, 1.1551780344481772e-02, 1.1551780344482033e-02, 1.1551780344482133e-02, 1.1703833560475210e-02, 1.1703833560475283e-02, 1.1703833560475642e-02, 1.1887985191612003e-02, 1.1887985191612290e-02, 1.1887985191612487e-02, 1.2156737618413559e-02, 1.2156737618413705e-02, 1.2156737618413928e-02, 1.3139451928562078e-02, 1.3139451928562428e-02, 1.3139451928562893e-02, 1.5526678740665262e-02, 1.5526678740666879e-02, 1.5526678740668331e-02, 1.6908470887339561e-02, 1.6908470887340394e-02, 1.6908470887341445e-02, 1.8783378436928982e-02, 1.8783378436929381e-02, 1.8783378436929465e-02, 1.9508560830796811e-02, 1.9508560830797491e-02, 1.9508560830797612e-02, 2.1952241128444357e-02, 2.1952241128444579e-02, 2.1952241128444756e-02, 2.5517152801298237e-02, 2.9504967377997841e-02],
  "bary": [
    [5.3360770196433120e-03, 5.3360770196512197e-03, 9.8399176894105633e-01, 5.3360770196491103e-03],
    [2.2896093382966810e-02, 9.5461848486673373e-01, 1.7905866007422694e-02, 4.5795557428767453e-03],
    [4.5795557428758406e-03, 2.2896093382968198e-02, 1.7905866007423304e-02, 9.5461848486673273e-01],
    [9.5461848486672918e-01, 4.5795557428784479e-03, 1.7905866007424800e-02, 2.2896093382967577e-02],
    [3.6340380398742810e-03, 8.5890443918452475e-01, 1.9816177959561022e-02, 1.1764534481603996e-01],
    [1.1764534481603516e-01, 3.6340380398756939e-03, 1.9816177959560886e-02, 8.5890443918452819e-01],
    [8.5890443918452197e-01, 1.1764534481603763e-01, 1.9816177959562416e-02, 3.6340380398779855e-03],
    [3.5420418220232952e-02, 5.2247155135540790e-01, 1.0833202312846228e-02, 4.3127482811151296e-01],
    [5.2247155135540180e-01, 4.3127482811150708e-01, 1.0833202312850784e-02, 3.5420418220240335e-02],
    [4.3127482811150997e-01, 3.5420418220237226e-02, 1.0833202312850818e-02, 5.2247155135540202e-01],
    [7.9398884991222540e-01, 3.5570953772689293e-03, 3.3054779177556448e-02, 1.6939927553294923e-01],
    [3.5570953772686939e-03, 1.6939927553295034e-01, 3.3054779177557302e-02, 7.9398884991222374e-01],
    [1.6939927553294773e-01, 7.9398884991222629e-01, 3.3054779177557198e-02, 3.5570953772687541e-03],
    [3.4900456587567685e-02, 2.1909123983388790e-03, 6.7226686877716735e-01, 2.9064176223692606e-01],
    [2.9064176223691890e-01, 3.4900456587567852e-02, 6.7226686877717279e-01, 2.1909123983404610e-03],
    [2.1909123983453048e-03, 2.9064176223692312e-01, 6.7226686877716579e-01, 3.4900456587565687e-02],
    [2.3414488407405035e-01, 6.9250141758805095e-01, 5.2457122101463340e-04, 7.2829127116884093e-02],
    [7.2829127116883358e-02, 2.3414488407404871e-01, 5.2457122101646895e-04, 6.9250141758805150e-01],
    [6.9250141758804729e-01, 7.2829127116885717e-02, 5.2457122101745482e-04, 2.3414488407404954e-01],
    [3.0506096657720566e-01, 1.3389050883107550e-02, 2.6470351509839930e-02, 6.5507963102984679e-01],
    [6.5507963102984179e-01, 3.0506096657721032e-01, 2.6470351509840135e-02, 1.3389050883107750e-02],
    [1.3389050883110348e-02, 6.5507963102983424e-01, 2.6470351509840746e-02, 3.0506096657721465e-01],
    [4.3078321607124808e-03, 9.9109939659851737e-02, 1.5234372051627226e-01, 7.4423850766316346e-01],
    [9.9109939659854776e-02, 7.4423850766316191e-01, 1.5234372051627124e-01, 4.3078321607120384e-03],
    [7.4423850766316380e-01, 4.3078321607141062e-03, 1.5234372051626907e-01, 9.9109939659853014e-02],
    [5.9196994378421325e-02, 7.1160996481497832e-02, 1.7656960190833709e-02, 8.5198504894924709e-01],
    [7.1160996481496860e-02, 8.5198504894924787e-01, 1.7656960190833709e-02, 5.9196994378421547e-02],
    [8.5198504894924398e-01, 5.9196994378421533e-02, 1.7656960190834695e-02, 7.1160996481499789e-02],
    [6.1235487444195318e-02, 2.3241799895638693e-01, 6.9751890095238722e-01, 8.8276126470305805e-03],
    [8.8276126470329102e-03, 6.1235487444186554e-02, 6.9751890095238611e-01, 2.3241799895639437e-01],
    [2.3241799895638715e-01, 8.8276126470351324e-03, 6.9751890095238966e-01, 6.1235487444188053e-02],
    [9.8510401460304736e-02, 2.4615216819615149e-02, 8.5251447165014516e-01, 2.4359910069934987e-02],
    [2.4615216819615978e-02, 2.4359910069936375e-02, 8.5251447165013527e-01, 9.8510401460312313e-02],
    [2.4359910069936118e-02, 9.8510401460315145e-02, 8.5251447165013228e-01, 2.4615216819616537e-02],
    [2.9957554129591602e-02, 4.8334269753205383e-01, 4.7649367468328707e-01, 1.0206073655067538e-02],
    [1.0206073655068695e-02, 2.9957554129591668e-02, 4.7649367468328568e-01, 4.8334269753205400e-01],
    [4.8334269753204667e-01, 1.0206073655070091e-02, 4.7649367468329235e-01, 2.9957554129590835e-02],
    [6.9413997252952853e-01, 2.3627641314443018e-02, 2.6438108150681894e-01, 1.7851304649209532e-02],
    [1.7851304649210101e-02, 6.9413997252953252e-01, 2.6438108150681267e-01, 2.3627641314444670e-02],
    [2.3627641314445478e-02, 1.7851304649210004e-02, 2.6438108150681333e-01, 6.9413997252953119e-01],
    [3.4385827659347071e-02, 2.3495013000035030e-02, 9.9086613262273193e-02, 8.4303254607834477e-01],
    [2.3495013000035914e-02, 8.4303254607834432e-01, 9.9086613262272763e-02, 3.4385827659347043e-02],
    [8.4303254607833922e-01, 3.4385827659347716e-02, 9.9086613262277592e-02, 2.3495013000035467e-02],
    [3.7710639941761742e-01, 5.7487275891360745e-01, 3.0491279486177799e-02, 1.7529562182597384e-02],
    [5.7487275891361178e-01, 1.7529562182598823e-02, 3.0491279486178243e-02, 3.7710639941761115e-01],
    [1.7529562182601321e-02, 3.7710639941761326e-01, 3.0491279486179568e-02, 5.7487275891360590e-01],
    [3.3249695997663564e-01, 3.3249695997664946e-01, 2.5091200700747816e-03, 3.3249695997664014e-01],
    [1.6243346124036884e-01, 3.4253199795015143e-01, 4.8586246073940642e-01, 9.1720800700733074e-03],
    [3.4253199795015121e-01, 9.1720800700744454e-03, 4.8586246073940759e-01, 1.6243346124036678e-01],
    [9.1720800700745946e-03, 1.6243346124037175e-01, 4.8586246073940997e-01, 3.4253199795014366e-01],
    [1.0216956909428933e-01, 2.8878003387744100e-02, 2.4743124363556329e-01, 6.2152118388240329e-01],
    [2.8878003387744482e-02, 6.2152118388240551e-01, 2.4743124363555935e-01, 1.0216956909429065e-01],
    [6.2152118388240107e-01, 1.0216956909428307e-01, 2.4743124363557167e-01, 2.8878003387744156e-02],
    [1.1834290082100868e-01, 5.4595046099891742e-01, 3.1557230285726134e-01, 2.0134335322812613e-02],
    [2.0134335322812939e-02, 1.1834290082101023e-01, 3.1557230285726001e-01, 5.4595046099891686e-01],
    [5.4595046099892153e-01, 2.0134335322814653e-02, 3.1557230285725657e-01, 1.1834290082100724e-01],
    [4.6416106080497482e-01, 8.5681573530243721e-02, 4.2682818675140061e-01, 2.3329178913380766e-02],
    [2.3329178913380603e-02, 4.6416106080498731e-01, 4.2682818675139439e-01, 8.5681573530237698e-02],
    [8.5681573530242167e-02, 2.3329178913380572e-02, 4.2682818675139450e-01, 4.6416106080498271e-01],
    [4.8104263226980221e-01, 2.3379217305788316e-01, 2.6978192498259285e-01, 1.5383269689721757e-02],
    [1.5383269689724689e-02, 4.8104263226980276e-01, 2.6978192498259224e-01, 2.3379217305788036e-01],
    [2.3379217305788147e-01, 1.5383269689724963e-02, 2.6978192498258957e-01, 4.8104263226980404e-01],
    [8.3125156112138790e-02, 6.8983951036990054e-01, 2.4081095536741707e-02, 2.0295423798121898e-01],
    [2.0295423798122000e-01, 8.3125156112139956e-02, 2.4081095536742318e-02, 6.8983951036989766e-01],
    [6.8983951036989455e-01, 2.0295423798122161e-01, 2.4081095536742252e-02, 8.3125156112141579e-02],
    [2.7420024867731863e-02, 1.5261391347076506e-01, 7.0164890411884551e-01, 1.1831715754265759e-01],
    [1.5261391347076583e-01, 1.1831715754265071e-01, 7.0164890411884961e-01, 2.7420024867733872e-02],
    [1.1831715754265452e-01, 2.7420024867732734e-02, 7.0164890411884651e-01, 1.5261391347076625e-01],
    [2.5611859351092805e-02, 6.9560931472248166e-01, 1.1544787129923537e-01, 1.6333095462719019e-01],
    [1.6333095462718974e-01, 2.5611859351092829e-02, 1.1544787129923628e-01, 6.9560931472248122e-01],
    [6.9560931472247600e-01, 1.6333095462719083e-01, 1.1544787129923928e-01, 2.5611859351093891e-02],
    [2.7089020392896923e-01, 5.6066588377001458e-01, 1.5016256012779505e-01, 1.8281352173221133e-02],
    [5.6066588377002025e-01, 1.8281352173222368e-02, 1.5016256012779122e-01, 2.7089020392896618e-01],
    [1.8281352173223010e-02, 2.7089020392896579e-01, 1.5016256012779264e-01, 5.6066588377001858e-01],
    [6.0144205044895638e-01, 7.6567784209281078e-02, 6.1934177978993428e-02, 2.6005598736276914e-01],
    [2.6005598736276692e-01, 6.0144205044896681e-01, 6.1934177978993664e-02, 7.6567784209272599e-02],
    [7.6567784209283896e-02, 2.6005598736275176e-01, 6.1934177978996523e-02, 6.0144205044896781e-01],
    [7.4626051327208676e-02, 1.2803632767886103e-01, 8.0261017892950801e-02, 7.1707660310097943e-01],
    [7.1707660310097054e-01, 7.4626051327211507e-02, 8.0261017892949954e-02, 1.2803632767886799e-01],
    [1.2803632767886575e-01, 7.1707660310097188e-01, 8.0261017892949885e-02, 7.4626051327212492e-02],
    [1.8590040868376678e-01, 1.9252703650583264e-02, 5.0259862335502192e-01, 2.9224826431062800e-01],
    [2.9224826431062267e-01, 1.8590040868376598e-01, 5.0259862335502759e-01, 1.9252703650583736e-02],
    [1.9252703650584093e-02, 2.9224826431063344e-01, 5.0259862335502248e-01, 1.8590040868376001e-01],
    [1.1768433971455627e-01, 1.1768433971455894e-01, 6.4694698085632807e-01, 1.1768433971455672e-01],
    [2.1143763455145748e-01, 2.3637803333829846e-01, 2.5424765116050164e-02, 5.2675956699419391e-01],
    [5.2675956699418913e-01, 2.1143763455146200e-01, 2.5424765116050674e-02, 2.3637803333829815e-01],
    [2.3637803333829177e-01, 5.2675956699419912e-01, 2.5424765116052069e-02, 2.1143763455145703e-01],
    [4.4631551826494237e-01, 4.0288162462845084e-01, 2.6199560756252471e-02, 1.2460329635035437e-01],
    [4.0288162462844501e-01, 1.2460329635035577e-01, 2.6199560756252471e-02, 4.4631551826494675e-01],
    [1.2460329635034822e-01, 4.4631551826495119e-01, 2.6199560756252235e-02, 4.0288162462844829e-01],
    [6.2018219302688735e-02, 8.0045021888600881e-02, 5.6171396372076465e-01, 2.9622279508794580e-01],
    [2.9622279508794830e-01, 6.2018219302691080e-02, 5.6171396372075411e-01, 8.0045021888606516e-02],
    [8.0045021888606835e-02, 2.9622279508794169e-01, 5.6171396372076410e-01, 6.2018219302687361e-02],
    [2.9729015531710656e-01, 3.8033606322624292e-01, 2.9744221741637700e-01, 2.4931564040273524e-02],
    [3.8033606322624619e-01, 2.4931564040272691e-02, 2.9744221741637239e-01, 2.9729015531710862e-01],
    [2.4931564040273815e-02, 2.9729015531710989e-01, 2.9744221741637300e-01, 3.8033606322624325e-01],
    [6.0214854663617112e-01, 7.9943486587173596e-02, 1.9726008533411524e-01, 1.2064788144254004e-01],
    [1.2064788144253899e-01, 6.0214854663617157e-01, 1.9726008533412287e-01, 7.9943486587166546e-02],
    [7.9943486587170834e-02, 1.2064788144253710e-01, 1.9726008533412207e-01, 6.0214854663616990e-01],
    [2.8755847153970417e-02, 4.8910981472680060e-01, 1.1512444438172935e-01, 3.6700989373749965e-01],
    [3.6700989373750081e-01, 2.8755847153970761e-02, 1.1512444438172764e-01, 4.8910981472680082e-01],
    [4.8910981472679954e-01, 3.6700989373749937e-01, 1.1512444438172965e-01, 2.8755847153971378e-02],
    [1.3499392760945797e-01, 4.1069331409015170e-01, 3.6476024919338262e-01, 8.9552509107007738e-02],
    [8.9552509107008932e-02, 1.3499392760945961e-01, 3.6476024919337846e-01, 4.1069331409015297e-01],
    [4.1069331409015131e-01, 8.9552509107013886e-02, 3.6476024919336947e-01, 1.3499392760946533e-01],
    [3.9187539719975650e-01, 1.1476751676309900e-01, 2.3345393195131017e-01, 2.5990315408583431e-01],
    [2.5990315408583431e-01, 3.9187539719976355e-01, 2.3345393195130429e-01, 1.1476751676309785e-01],
    [1.1476751676310612e-01, 2.5990315408583575e-01, 2.3345393195130226e-01, 3.9187539719975584e-01],
    [1.3012709476202319e-01, 3.1636176225630908e-01, 1.2738316872601352e-01, 4.2612797425565418e-01],
    [3.1636176225630130e-01, 4.2612797425565702e-01, 1.2738316872601518e-01, 1.3012709476202650e-01],
    [4.2612797425565241e-01, 1.3012709476202464e-01, 1.2738316872602098e-01, 3.1636176225630197e-01],
    [4.0450236856327609e-01, 2.0891149684046759e-01, 2.9182351556724367e-01, 9.4762619029012674e-02],
    [2.0891149684046709e-01, 9.4762619029019182e-02, 2.9182351556725011e-01, 4.0450236856326366e-01],
    [9.4762619029020098e-02, 4.0450236856326632e-01, 2.9182351556725106e-01, 2.0891149684046262e-01],
    [2.2744853680451213e-01, 1.0024975437213582e-01, 4.5145994950997831e-01, 2.2084175931337374e-01],
    [1.0024975437213625e-01, 2.2084175931337116e-01, 4.5145994950997664e-01, 2.2744853680451599e-01],
    [2.2084175931337638e-01, 2.2744853680451482e-01, 4.5145994950997076e-01, 1.0024975437213807e-01],
    [5.0754860512025479e-01, 2.3164769521725376e-01, 1.2662371323439175e-01, 1.3417998642809970e-01],
    [1.3417998642809556e-01, 5.0754860512025934e-01, 1.2662371323439500e-01, 2.3164769521725007e-01],
    [2.3164769521725101e-01, 1.3417998642809725e-01, 1.2662371323439306e-01, 5.0754860512025868e-01],
    [3.0532958433605634e-01, 3.0532958433606100e-01, 8.4011246991819818e-02, 3.0532958433606278e-01],
    [2.4821237155622888e-01, 2.4821237155622405e-01, 2.5536288533132812e-01, 2.4821237155621900e-01]]
}
